1000.0, 2.566, 2.576, 2.581
2000.0, 2.561, 2.576, 2.581
3000.0, 2.561, 2.571, 2.581
4000.0, 2.561, 2.576, 2.581
5000.0, 2.566, 2.576, 2.581
6000.0, 2.566, 2.576, 2.581
7000.0, 2.566, 2.576, 2.581
8000.0, 2.566, 2.576, 2.581
9000.0, 2.566, 2.576, 2.581
10000.0, 2.566, 2.576, 2.581
11000.0, 2.566, 2.576, 2.581
12000.0, 2.561, 2.576, 2.581
13000.0, 2.551, 2.576, 2.581
14000.0, 2.542, 2.576, 2.581
15000.0, 2.537, 2.576, 2.581
16000.0, 2.527, 2.576, 2.581
17000.0, 2.517, 2.571, 2.581
18000.0, 2.512, 2.571, 2.581
19000.0, 2.507, 2.571, 2.581
20000.0, 2.498, 2.571, 2.576
21000.0, 2.493, 2.571, 2.581
22000.0, 2.488, 2.566, 2.581
23000.0, 2.478, 2.566, 2.576
24000.0, 2.478, 2.566, 2.581
25000.0, 2.473, 2.566, 2.581
26000.0, 2.468, 2.561, 2.581
27000.0, 2.463, 2.561, 2.581
28000.0, 2.458, 2.561, 2.581
29000.0, 2.454, 2.556, 2.581
30000.0, 2.454, 2.556, 2.576
31000.0, 2.449, 2.551, 2.576
32000.0, 2.449, 2.551, 2.576
33000.0, 2.444, 2.546, 2.576
34000.0, 2.439, 2.546, 2.576
35000.0, 2.439, 2.546, 2.571
36000.0, 2.434, 2.542, 2.571
37000.0, 2.429, 2.542, 2.571
38000.0, 2.429, 2.542, 2.571
39000.0, 2.424, 2.537, 2.571
40000.0, 2.419, 2.537, 2.566
41000.0, 2.419, 2.532, 2.566
42000.0, 2.414, 2.532, 2.566
43000.0, 2.414, 2.532, 2.566
44000.0, 2.410, 2.527, 2.566
45000.0, 2.410, 2.527, 2.561
46000.0, 2.405, 2.522, 2.561
47000.0, 2.405, 2.522, 2.561
48000.0, 2.400, 2.522, 2.561
49000.0, 2.400, 2.517, 2.556
50000.0, 2.400, 2.517, 2.556
51000.0, 2.395, 2.517, 2.556
52000.0, 2.390, 2.512, 2.556
53000.0, 2.390, 2.512, 2.551
54000.0, 2.385, 2.512, 2.551
55000.0, 2.385, 2.507, 2.551
56000.0, 2.385, 2.507, 2.551
57000.0, 2.380, 2.502, 2.546
58000.0, 2.380, 2.502, 2.546
59000.0, 2.380, 2.498, 2.546
60000.0, 2.380, 2.498, 2.546
61000.0, 2.375, 2.498, 2.542
62000.0, 2.375, 2.498, 2.542
63000.0, 2.370, 2.493, 2.542
64000.0, 2.370, 2.493, 2.537
65000.0, 2.370, 2.493, 2.537
66000.0, 2.366, 2.488, 2.537
67000.0, 2.366, 2.488, 2.537
68000.0, 2.366, 2.488, 2.532
69000.0, 2.361, 2.483, 2.532
70000.0, 2.361, 2.483, 2.532
71000.0, 2.361, 2.478, 2.527
72000.0, 2.361, 2.478, 2.527
73000.0, 2.356, 2.478, 2.527
74000.0, 2.356, 2.473, 2.527
75000.0, 2.356, 2.473, 2.522
76000.0, 2.351, 2.473, 2.522
77000.0, 2.351, 2.473, 2.522
78000.0, 2.351, 2.468, 2.517
79000.0, 2.346, 2.468, 2.517
80000.0, 2.346, 2.468, 2.517
81000.0, 2.346, 2.463, 2.512
82000.0, 2.346, 2.463, 2.512
83000.0, 2.341, 2.463, 2.512
84000.0, 2.346, 2.463, 2.512
85000.0, 2.341, 2.458, 2.507
86000.0, 2.346, 2.458, 2.507
87000.0, 2.346, 2.458, 2.507
88000.0, 2.346, 2.458, 2.507
89000.0, 2.341, 2.458, 2.502
90000.0, 2.341, 2.454, 2.502
91000.0, 2.341, 2.454, 2.502
92000.0, 2.341, 2.454, 2.498
93000.0, 2.341, 2.449, 2.498
94000.0, 2.336, 2.449, 2.498
95000.0, 2.336, 2.449, 2.498
96000.0, 2.336, 2.449, 2.493
97000.0, 2.331, 2.444, 2.493
98000.0, 2.331, 2.444, 2.493
99000.0, 2.331, 2.444, 2.493
100000.0, 2.326, 2.439, 2.488
101000.0, 2.326, 2.439, 2.488
102000.0, 2.322, 2.439, 2.488
103000.0, 2.322, 2.439, 2.488
104000.0, 2.322, 2.439, 2.483
105000.0, 2.322, 2.434, 2.483
106000.0, 2.317, 2.434, 2.478
107000.0, 2.317, 2.434, 2.478
108000.0, 2.317, 2.429, 2.478
109000.0, 2.317, 2.429, 2.478
110000.0, 2.312, 2.429, 2.473
111000.0, 2.312, 2.424, 2.473
112000.0, 2.312, 2.424, 2.473
113000.0, 2.312, 2.424, 2.473
114000.0, 2.312, 2.424, 2.468
115000.0, 2.312, 2.424, 2.468
116000.0, 2.307, 2.419, 2.468
117000.0, 2.307, 2.419, 2.463
118000.0, 2.307, 2.419, 2.463
119000.0, 2.307, 2.419, 2.463
120000.0, 2.302, 2.419, 2.463
121000.0, 2.302, 2.414, 2.463
122000.0, 2.302, 2.414, 2.463
123000.0, 2.302, 2.414, 2.458
124000.0, 2.302, 2.414, 2.458
125000.0, 2.302, 2.414, 2.458
126000.0, 2.302, 2.410, 2.458
127000.0, 2.302, 2.410, 2.454
128000.0, 2.297, 2.410, 2.454
129000.0, 2.297, 2.410, 2.454
130000.0, 2.297, 2.410, 2.454
131000.0, 2.297, 2.405, 2.454
132000.0, 2.297, 2.405, 2.454
133000.0, 2.292, 2.405, 2.454
134000.0, 2.292, 2.405, 2.454
135000.0, 2.292, 2.405, 2.449
136000.0, 2.292, 2.400, 2.449
137000.0, 2.292, 2.400, 2.449
138000.0, 2.287, 2.400, 2.449
139000.0, 2.292, 2.400, 2.449
140000.0, 2.287, 2.395, 2.444
141000.0, 2.292, 2.395, 2.444
142000.0, 2.287, 2.395, 2.439
143000.0, 2.287, 2.395, 2.439
144000.0, 2.287, 2.395, 2.439
145000.0, 2.287, 2.395, 2.439
146000.0, 2.283, 2.390, 2.439
147000.0, 2.283, 2.390, 2.434
148000.0, 2.283, 2.390, 2.434
149000.0, 2.283, 2.390, 2.434
150000.0, 2.283, 2.390, 2.434
151000.0, 2.283, 2.390, 2.434
152000.0, 2.278, 2.385, 2.429
153000.0, 2.278, 2.385, 2.429
154000.0, 2.278, 2.385, 2.429
155000.0, 2.278, 2.385, 2.429
156000.0, 2.278, 2.385, 2.429
157000.0, 2.278, 2.380, 2.424
158000.0, 2.278, 2.380, 2.424
159000.0, 2.278, 2.380, 2.424
160000.0, 2.278, 2.380, 2.424
161000.0, 2.273, 2.380, 2.424
162000.0, 2.273, 2.380, 2.424
163000.0, 2.273, 2.380, 2.424
164000.0, 2.273, 2.375, 2.424
165000.0, 2.268, 2.375, 2.419
166000.0, 2.268, 2.375, 2.419
167000.0, 2.273, 2.375, 2.419
168000.0, 2.268, 2.375, 2.419
169000.0, 2.268, 2.375, 2.419
170000.0, 2.268, 2.375, 2.419
171000.0, 2.263, 2.370, 2.419
172000.0, 2.268, 2.370, 2.419
173000.0, 2.263, 2.370, 2.414
174000.0, 2.263, 2.370, 2.414
175000.0, 2.263, 2.370, 2.414
176000.0, 2.263, 2.370, 2.414
177000.0, 2.263, 2.366, 2.410
178000.0, 2.258, 2.366, 2.410
179000.0, 2.258, 2.366, 2.410
180000.0, 2.258, 2.366, 2.410
181000.0, 2.258, 2.366, 2.410
182000.0, 2.258, 2.366, 2.410
183000.0, 2.258, 2.366, 2.410
184000.0, 2.258, 2.361, 2.405
185000.0, 2.253, 2.361, 2.405
186000.0, 2.253, 2.361, 2.405
187000.0, 2.253, 2.361, 2.405
188000.0, 2.253, 2.361, 2.405
189000.0, 2.253, 2.361, 2.400
190000.0, 2.253, 2.361, 2.405
191000.0, 2.253, 2.356, 2.405
192000.0, 2.253, 2.356, 2.405
193000.0, 2.253, 2.356, 2.400
194000.0, 2.248, 2.356, 2.400
195000.0, 2.248, 2.356, 2.400
196000.0, 2.248, 2.356, 2.400
197000.0, 2.248, 2.356, 2.400
198000.0, 2.248, 2.356, 2.400
199000.0, 2.243, 2.356, 2.400
200000.0, 2.248, 2.356, 2.400
201000.0, 2.248, 2.351, 2.400
202000.0, 2.248, 2.351, 2.400
203000.0, 2.243, 2.351, 2.395
204000.0, 2.243, 2.351, 2.400
205000.0, 2.243, 2.351, 2.395
206000.0, 2.243, 2.351, 2.395
207000.0, 2.243, 2.351, 2.400
208000.0, 2.243, 2.351, 2.395
209000.0, 2.243, 2.351, 2.395
210000.0, 2.239, 2.351, 2.395
211000.0, 2.239, 2.351, 2.395
212000.0, 2.239, 2.346, 2.395
213000.0, 2.239, 2.351, 2.395
214000.0, 2.243, 2.346, 2.395
215000.0, 2.239, 2.346, 2.395
216000.0, 2.239, 2.346, 2.390
217000.0, 2.239, 2.346, 2.390
218000.0, 2.239, 2.341, 2.390
219000.0, 2.239, 2.341, 2.390
220000.0, 2.239, 2.341, 2.390
221000.0, 2.239, 2.341, 2.385
222000.0, 2.239, 2.341, 2.385
223000.0, 2.239, 2.341, 2.385
224000.0, 2.239, 2.341, 2.385
225000.0, 2.239, 2.341, 2.385
226000.0, 2.243, 2.341, 2.385
227000.0, 2.243, 2.341, 2.380
228000.0, 2.243, 2.341, 2.380
229000.0, 2.243, 2.341, 2.380
230000.0, 2.243, 2.341, 2.380
231000.0, 2.243, 2.336, 2.380
232000.0, 2.243, 2.336, 2.375
233000.0, 2.243, 2.336, 2.380
234000.0, 2.243, 2.336, 2.380
235000.0, 2.243, 2.336, 2.380
236000.0, 2.243, 2.336, 2.380
237000.0, 2.239, 2.336, 2.375
238000.0, 2.239, 2.336, 2.375
239000.0, 2.239, 2.331, 2.375
240000.0, 2.239, 2.336, 2.375
241000.0, 2.239, 2.336, 2.375
242000.0, 2.239, 2.331, 2.375
243000.0, 2.239, 2.331, 2.375
244000.0, 2.234, 2.331, 2.375
245000.0, 2.234, 2.331, 2.375
246000.0, 2.234, 2.331, 2.370
247000.0, 2.234, 2.331, 2.370
248000.0, 2.229, 2.326, 2.370
249000.0, 2.229, 2.326, 2.370
250000.0, 2.229, 2.326, 2.370
251000.0, 2.229, 2.326, 2.370
252000.0, 2.229, 2.326, 2.370
253000.0, 2.224, 2.322, 2.366
254000.0, 2.224, 2.322, 2.366
255000.0, 2.224, 2.322, 2.366
256000.0, 2.224, 2.322, 2.366
257000.0, 2.224, 2.322, 2.366
258000.0, 2.224, 2.322, 2.366
259000.0, 2.224, 2.322, 2.366
260000.0, 2.229, 2.322, 2.366
261000.0, 2.224, 2.322, 2.366
262000.0, 2.229, 2.322, 2.361
263000.0, 2.229, 2.322, 2.366
264000.0, 2.229, 2.317, 2.361
265000.0, 2.229, 2.317, 2.361
266000.0, 2.229, 2.317, 2.361
267000.0, 2.229, 2.322, 2.361
268000.0, 2.229, 2.317, 2.361
269000.0, 2.229, 2.317, 2.361
270000.0, 2.224, 2.317, 2.361
271000.0, 2.224, 2.317, 2.361
272000.0, 2.224, 2.317, 2.361
273000.0, 2.224, 2.317, 2.361
274000.0, 2.224, 2.317, 2.361
275000.0, 2.224, 2.317, 2.356
276000.0, 2.224, 2.317, 2.356
277000.0, 2.224, 2.317, 2.356
278000.0, 2.219, 2.312, 2.356
279000.0, 2.219, 2.312, 2.356
280000.0, 2.219, 2.312, 2.356
281000.0, 2.219, 2.312, 2.356
282000.0, 2.219, 2.312, 2.356
283000.0, 2.214, 2.312, 2.356
284000.0, 2.214, 2.312, 2.356
285000.0, 2.214, 2.312, 2.356
286000.0, 2.214, 2.312, 2.356
287000.0, 2.214, 2.312, 2.356
288000.0, 2.214, 2.312, 2.356
289000.0, 2.214, 2.312, 2.356
290000.0, 2.214, 2.307, 2.356
291000.0, 2.214, 2.312, 2.356
292000.0, 2.209, 2.312, 2.356
293000.0, 2.209, 2.307, 2.356
294000.0, 2.209, 2.307, 2.351
295000.0, 2.209, 2.307, 2.351
296000.0, 2.209, 2.307, 2.351
297000.0, 2.209, 2.307, 2.356
298000.0, 2.209, 2.307, 2.351
299000.0, 2.209, 2.307, 2.356
300000.0, 2.204, 2.307, 2.351
301000.0, 2.204, 2.307, 2.351
302000.0, 2.204, 2.307, 2.351
303000.0, 2.204, 2.302, 2.351
304000.0, 2.204, 2.302, 2.351
305000.0, 2.204, 2.307, 2.351
306000.0, 2.204, 2.307, 2.351
307000.0, 2.204, 2.302, 2.351
308000.0, 2.204, 2.302, 2.351
309000.0, 2.204, 2.302, 2.351
310000.0, 2.204, 2.302, 2.351
311000.0, 2.204, 2.302, 2.346
312000.0, 2.204, 2.302, 2.346
313000.0, 2.199, 2.302, 2.346
314000.0, 2.199, 2.302, 2.346
315000.0, 2.199, 2.302, 2.346
316000.0, 2.199, 2.302, 2.346
317000.0, 2.199, 2.297, 2.346
318000.0, 2.199, 2.302, 2.346
319000.0, 2.199, 2.297, 2.341
320000.0, 2.199, 2.297, 2.346
321000.0, 2.199, 2.297, 2.341
322000.0, 2.199, 2.297, 2.341
323000.0, 2.195, 2.297, 2.346
324000.0, 2.199, 2.297, 2.341
325000.0, 2.195, 2.297, 2.341
326000.0, 2.195, 2.297, 2.341
327000.0, 2.195, 2.292, 2.341
328000.0, 2.195, 2.292, 2.341
329000.0, 2.195, 2.297, 2.341
330000.0, 2.195, 2.292, 2.341
331000.0, 2.195, 2.292, 2.341
332000.0, 2.195, 2.292, 2.341
333000.0, 2.195, 2.292, 2.341
334000.0, 2.195, 2.292, 2.336
335000.0, 2.195, 2.292, 2.336
336000.0, 2.195, 2.292, 2.336
337000.0, 2.195, 2.292, 2.336
338000.0, 2.195, 2.292, 2.336
339000.0, 2.195, 2.292, 2.336
340000.0, 2.195, 2.292, 2.331
341000.0, 2.195, 2.287, 2.331
342000.0, 2.195, 2.292, 2.331
343000.0, 2.195, 2.287, 2.331
344000.0, 2.195, 2.287, 2.331
345000.0, 2.195, 2.287, 2.331
346000.0, 2.195, 2.287, 2.331
347000.0, 2.195, 2.287, 2.331
348000.0, 2.195, 2.287, 2.331
349000.0, 2.195, 2.287, 2.331
350000.0, 2.195, 2.287, 2.331
351000.0, 2.195, 2.287, 2.331
352000.0, 2.195, 2.287, 2.331
353000.0, 2.190, 2.287, 2.331
354000.0, 2.190, 2.287, 2.331
355000.0, 2.190, 2.287, 2.326
356000.0, 2.190, 2.287, 2.331
357000.0, 2.190, 2.287, 2.331
358000.0, 2.190, 2.287, 2.331
359000.0, 2.190, 2.287, 2.331
360000.0, 2.190, 2.287, 2.331
361000.0, 2.185, 2.287, 2.331
362000.0, 2.185, 2.283, 2.326
363000.0, 2.190, 2.287, 2.326
364000.0, 2.185, 2.283, 2.331
365000.0, 2.185, 2.283, 2.331
366000.0, 2.185, 2.283, 2.331
367000.0, 2.185, 2.283, 2.331
368000.0, 2.185, 2.283, 2.331
369000.0, 2.185, 2.283, 2.326
370000.0, 2.185, 2.283, 2.331
371000.0, 2.185, 2.283, 2.331
372000.0, 2.185, 2.283, 2.326
373000.0, 2.185, 2.283, 2.326
374000.0, 2.185, 2.283, 2.326
375000.0, 2.185, 2.283, 2.326
376000.0, 2.185, 2.283, 2.326
377000.0, 2.185, 2.283, 2.326
378000.0, 2.185, 2.283, 2.326
379000.0, 2.185, 2.283, 2.322
380000.0, 2.185, 2.283, 2.326
381000.0, 2.185, 2.283, 2.322
382000.0, 2.180, 2.283, 2.322
383000.0, 2.180, 2.283, 2.322
384000.0, 2.180, 2.278, 2.322
385000.0, 2.180, 2.278, 2.322
386000.0, 2.185, 2.283, 2.322
387000.0, 2.180, 2.278, 2.322
388000.0, 2.180, 2.278, 2.322
389000.0, 2.180, 2.278, 2.322
390000.0, 2.180, 2.278, 2.322
391000.0, 2.180, 2.278, 2.322
392000.0, 2.180, 2.278, 2.322
393000.0, 2.180, 2.278, 2.322
394000.0, 2.180, 2.278, 2.322
395000.0, 2.180, 2.278, 2.322
396000.0, 2.180, 2.278, 2.322
397000.0, 2.180, 2.278, 2.322
398000.0, 2.180, 2.278, 2.322
399000.0, 2.180, 2.278, 2.322
400000.0, 2.180, 2.273, 2.322
401000.0, 2.180, 2.278, 2.322
402000.0, 2.180, 2.273, 2.322
403000.0, 2.180, 2.278, 2.322
404000.0, 2.175, 2.273, 2.322
405000.0, 2.180, 2.273, 2.322
406000.0, 2.175, 2.273, 2.322
407000.0, 2.175, 2.273, 2.322
408000.0, 2.175, 2.273, 2.322
409000.0, 2.175, 2.273, 2.322
410000.0, 2.175, 2.273, 2.322
411000.0, 2.175, 2.273, 2.322
412000.0, 2.175, 2.273, 2.322
413000.0, 2.175, 2.273, 2.322
414000.0, 2.175, 2.273, 2.322
415000.0, 2.175, 2.273, 2.322
416000.0, 2.175, 2.273, 2.322
417000.0, 2.175, 2.273, 2.317
418000.0, 2.175, 2.273, 2.317
419000.0, 2.175, 2.273, 2.317
420000.0, 2.175, 2.273, 2.317
421000.0, 2.175, 2.273, 2.317
422000.0, 2.175, 2.273, 2.317
423000.0, 2.175, 2.273, 2.317
424000.0, 2.175, 2.273, 2.317
425000.0, 2.175, 2.273, 2.317
426000.0, 2.175, 2.273, 2.317
427000.0, 2.175, 2.268, 2.317
428000.0, 2.175, 2.268, 2.317
429000.0, 2.170, 2.268, 2.317
430000.0, 2.170, 2.268, 2.317
431000.0, 2.170, 2.268, 2.317
432000.0, 2.170, 2.268, 2.317
433000.0, 2.170, 2.268, 2.312
434000.0, 2.170, 2.268, 2.312
435000.0, 2.170, 2.268, 2.317
436000.0, 2.170, 2.268, 2.317
437000.0, 2.170, 2.268, 2.317
438000.0, 2.170, 2.268, 2.317
439000.0, 2.170, 2.268, 2.317
440000.0, 2.170, 2.268, 2.317
441000.0, 2.170, 2.268, 2.317
442000.0, 2.170, 2.268, 2.317
443000.0, 2.170, 2.268, 2.312
444000.0, 2.170, 2.268, 2.312
445000.0, 2.170, 2.268, 2.312
446000.0, 2.170, 2.268, 2.312
447000.0, 2.170, 2.268, 2.312
448000.0, 2.170, 2.268, 2.312
449000.0, 2.170, 2.268, 2.312
450000.0, 2.170, 2.268, 2.312
451000.0, 2.170, 2.268, 2.312
452000.0, 2.170, 2.268, 2.312
453000.0, 2.170, 2.268, 2.312
454000.0, 2.170, 2.268, 2.312
455000.0, 2.170, 2.268, 2.312
456000.0, 2.170, 2.268, 2.312
457000.0, 2.170, 2.268, 2.307
458000.0, 2.170, 2.268, 2.307
459000.0, 2.170, 2.263, 2.307
460000.0, 2.170, 2.263, 2.307
461000.0, 2.170, 2.263, 2.312
462000.0, 2.170, 2.263, 2.312
463000.0, 2.170, 2.263, 2.312
464000.0, 2.170, 2.263, 2.312
465000.0, 2.170, 2.263, 2.312
466000.0, 2.165, 2.263, 2.312
467000.0, 2.165, 2.263, 2.312
468000.0, 2.165, 2.263, 2.312
469000.0, 2.170, 2.263, 2.312
470000.0, 2.170, 2.263, 2.307
471000.0, 2.170, 2.263, 2.307
472000.0, 2.170, 2.263, 2.307
473000.0, 2.170, 2.263, 2.307
474000.0, 2.170, 2.263, 2.307
475000.0, 2.170, 2.263, 2.307
476000.0, 2.170, 2.263, 2.307
477000.0, 2.165, 2.263, 2.307
478000.0, 2.165, 2.263, 2.307
479000.0, 2.165, 2.263, 2.307
480000.0, 2.165, 2.263, 2.307
481000.0, 2.165, 2.263, 2.307
482000.0, 2.165, 2.263, 2.307
483000.0, 2.165, 2.263, 2.307
484000.0, 2.165, 2.263, 2.307
485000.0, 2.165, 2.263, 2.307
486000.0, 2.165, 2.263, 2.307
487000.0, 2.165, 2.263, 2.307
488000.0, 2.165, 2.263, 2.307
489000.0, 2.165, 2.263, 2.302
490000.0, 2.165, 2.263, 2.302
491000.0, 2.165, 2.258, 2.302
492000.0, 2.165, 2.258, 2.302
493000.0, 2.165, 2.258, 2.302
494000.0, 2.165, 2.258, 2.302
495000.0, 2.165, 2.258, 2.302
496000.0, 2.165, 2.258, 2.302
497000.0, 2.165, 2.258, 2.302
498000.0, 2.165, 2.258, 2.302
499000.0, 2.165, 2.258, 2.302
500000.0, 2.165, 2.258, 2.302
501000.0, 2.165, 2.258, 2.302
502000.0, 2.165, 2.258, 2.302
503000.0, 2.165, 2.258, 2.302
504000.0, 2.165, 2.258, 2.302
505000.0, 2.165, 2.258, 2.302
506000.0, 2.165, 2.258, 2.302
507000.0, 2.165, 2.258, 2.302
508000.0, 2.165, 2.258, 2.302
509000.0, 2.165, 2.258, 2.302
510000.0, 2.165, 2.258, 2.302
511000.0, 2.165, 2.258, 2.302
512000.0, 2.165, 2.258, 2.302
513000.0, 2.165, 2.258, 2.302
514000.0, 2.165, 2.258, 2.302
515000.0, 2.165, 2.258, 2.302
516000.0, 2.165, 2.258, 2.302
517000.0, 2.170, 2.258, 2.302
518000.0, 2.170, 2.258, 2.302
519000.0, 2.170, 2.263, 2.302
520000.0, 2.175, 2.263, 2.302
521000.0, 2.175, 2.263, 2.302
522000.0, 2.175, 2.263, 2.302
523000.0, 2.175, 2.263, 2.302
524000.0, 2.175, 2.263, 2.297
525000.0, 2.175, 2.263, 2.297
526000.0, 2.175, 2.258, 2.297
527000.0, 2.175, 2.263, 2.297
528000.0, 2.175, 2.263, 2.297
529000.0, 2.175, 2.263, 2.297
530000.0, 2.175, 2.263, 2.297
531000.0, 2.175, 2.263, 2.297
532000.0, 2.175, 2.258, 2.297
533000.0, 2.175, 2.263, 2.297
534000.0, 2.175, 2.258, 2.297
535000.0, 2.175, 2.263, 2.302
536000.0, 2.175, 2.263, 2.302
537000.0, 2.175, 2.263, 2.302
538000.0, 2.175, 2.263, 2.302
539000.0, 2.175, 2.263, 2.302
540000.0, 2.170, 2.258, 2.302
541000.0, 2.175, 2.263, 2.302
542000.0, 2.175, 2.263, 2.302
543000.0, 2.170, 2.258, 2.302
544000.0, 2.170, 2.263, 2.302
545000.0, 2.170, 2.263, 2.302
546000.0, 2.170, 2.263, 2.302
547000.0, 2.170, 2.263, 2.302
548000.0, 2.170, 2.263, 2.307
549000.0, 2.170, 2.263, 2.302
550000.0, 2.170, 2.263, 2.307
551000.0, 2.170, 2.258, 2.302
552000.0, 2.170, 2.263, 2.307
553000.0, 2.170, 2.263, 2.307
554000.0, 2.165, 2.258, 2.307
555000.0, 2.170, 2.263, 2.307
556000.0, 2.165, 2.263, 2.307
557000.0, 2.165, 2.258, 2.307
558000.0, 2.165, 2.263, 2.307
559000.0, 2.165, 2.258, 2.307
560000.0, 2.165, 2.263, 2.307
561000.0, 2.165, 2.263, 2.307
562000.0, 2.165, 2.263, 2.307
563000.0, 2.165, 2.263, 2.307
564000.0, 2.165, 2.263, 2.307
565000.0, 2.165, 2.263, 2.307
566000.0, 2.165, 2.263, 2.307
567000.0, 2.165, 2.263, 2.312
568000.0, 2.165, 2.263, 2.307
569000.0, 2.165, 2.263, 2.307
570000.0, 2.165, 2.263, 2.307
571000.0, 2.165, 2.263, 2.307
572000.0, 2.165, 2.263, 2.312
573000.0, 2.165, 2.263, 2.312
574000.0, 2.165, 2.263, 2.307
575000.0, 2.165, 2.263, 2.312
576000.0, 2.165, 2.263, 2.307
577000.0, 2.165, 2.263, 2.307
578000.0, 2.165, 2.263, 2.307
579000.0, 2.160, 2.263, 2.307
580000.0, 2.165, 2.258, 2.307
581000.0, 2.165, 2.263, 2.307
582000.0, 2.165, 2.263, 2.307
583000.0, 2.165, 2.258, 2.307
584000.0, 2.160, 2.258, 2.307
585000.0, 2.160, 2.258, 2.307
586000.0, 2.160, 2.258, 2.307
587000.0, 2.160, 2.258, 2.302
588000.0, 2.160, 2.258, 2.307
589000.0, 2.160, 2.258, 2.302
590000.0, 2.160, 2.258, 2.307
591000.0, 2.160, 2.258, 2.302
592000.0, 2.160, 2.258, 2.302
593000.0, 2.160, 2.258, 2.307
594000.0, 2.160, 2.258, 2.307
595000.0, 2.160, 2.258, 2.307
596000.0, 2.160, 2.258, 2.302
597000.0, 2.160, 2.258, 2.302
598000.0, 2.165, 2.258, 2.302
599000.0, 2.165, 2.263, 2.302
600000.0, 2.170, 2.263, 2.302
601000.0, 2.170, 2.263, 2.302
602000.0, 2.170, 2.263, 2.302
603000.0, 2.175, 2.263, 2.302
604000.0, 2.175, 2.263, 2.302
605000.0, 2.175, 2.268, 2.302
606000.0, 2.175, 2.268, 2.302
607000.0, 2.180, 2.268, 2.302
608000.0, 2.180, 2.263, 2.302
609000.0, 2.180, 2.263, 2.302
610000.0, 2.180, 2.263, 2.302
611000.0, 2.180, 2.268, 2.302
612000.0, 2.180, 2.263, 2.302
613000.0, 2.180, 2.263, 2.302
614000.0, 2.185, 2.268, 2.302
615000.0, 2.185, 2.268, 2.302
616000.0, 2.185, 2.268, 2.302
617000.0, 2.180, 2.263, 2.302
618000.0, 2.180, 2.268, 2.302
619000.0, 2.180, 2.263, 2.302
620000.0, 2.180, 2.268, 2.302
621000.0, 2.180, 2.268, 2.302
622000.0, 2.180, 2.268, 2.302
623000.0, 2.180, 2.268, 2.302
624000.0, 2.180, 2.268, 2.302
625000.0, 2.180, 2.268, 2.302
626000.0, 2.180, 2.268, 2.302
627000.0, 2.180, 2.268, 2.302
628000.0, 2.180, 2.268, 2.307
629000.0, 2.180, 2.268, 2.307
630000.0, 2.180, 2.268, 2.307
631000.0, 2.180, 2.268, 2.307
632000.0, 2.180, 2.263, 2.302
633000.0, 2.180, 2.263, 2.302
634000.0, 2.180, 2.268, 2.302
635000.0, 2.180, 2.263, 2.302
636000.0, 2.180, 2.263, 2.307
637000.0, 2.180, 2.263, 2.307
638000.0, 2.180, 2.263, 2.302
639000.0, 2.180, 2.263, 2.307
640000.0, 2.180, 2.263, 2.307
641000.0, 2.175, 2.263, 2.302
642000.0, 2.180, 2.263, 2.302
643000.0, 2.180, 2.263, 2.302
644000.0, 2.180, 2.263, 2.302
645000.0, 2.180, 2.263, 2.302
646000.0, 2.180, 2.263, 2.302
647000.0, 2.180, 2.263, 2.302
648000.0, 2.180, 2.263, 2.302
649000.0, 2.180, 2.268, 2.302
650000.0, 2.180, 2.263, 2.302
651000.0, 2.180, 2.263, 2.302
652000.0, 2.180, 2.268, 2.302
653000.0, 2.180, 2.268, 2.302
654000.0, 2.180, 2.263, 2.302
655000.0, 2.180, 2.268, 2.302
656000.0, 2.180, 2.263, 2.307
657000.0, 2.175, 2.263, 2.307
658000.0, 2.175, 2.263, 2.302
659000.0, 2.175, 2.263, 2.302
660000.0, 2.175, 2.263, 2.307
661000.0, 2.175, 2.263, 2.307
662000.0, 2.175, 2.263, 2.307
663000.0, 2.170, 2.263, 2.307
664000.0, 2.175, 2.263, 2.307
665000.0, 2.175, 2.263, 2.307
666000.0, 2.175, 2.263, 2.307
667000.0, 2.175, 2.263, 2.307
668000.0, 2.175, 2.263, 2.307
669000.0, 2.175, 2.263, 2.302
670000.0, 2.170, 2.263, 2.307
671000.0, 2.170, 2.263, 2.307
672000.0, 2.170, 2.263, 2.307
673000.0, 2.170, 2.263, 2.307
674000.0, 2.170, 2.263, 2.307
675000.0, 2.170, 2.263, 2.307
676000.0, 2.170, 2.263, 2.307
677000.0, 2.170, 2.263, 2.307
678000.0, 2.170, 2.263, 2.307
679000.0, 2.170, 2.263, 2.307
680000.0, 2.170, 2.263, 2.307
681000.0, 2.170, 2.263, 2.307
682000.0, 2.170, 2.263, 2.307
683000.0, 2.170, 2.263, 2.307
684000.0, 2.170, 2.263, 2.307
685000.0, 2.170, 2.263, 2.307
686000.0, 2.170, 2.263, 2.307
687000.0, 2.170, 2.263, 2.307
688000.0, 2.170, 2.263, 2.307
689000.0, 2.170, 2.263, 2.307
690000.0, 2.170, 2.263, 2.307
691000.0, 2.170, 2.263, 2.307
692000.0, 2.170, 2.263, 2.307
693000.0, 2.170, 2.263, 2.307
694000.0, 2.170, 2.258, 2.307
695000.0, 2.170, 2.263, 2.307
696000.0, 2.170, 2.263, 2.307
697000.0, 2.170, 2.263, 2.307
698000.0, 2.170, 2.263, 2.307
699000.0, 2.170, 2.263, 2.307
700000.0, 2.170, 2.263, 2.307
701000.0, 2.170, 2.268, 2.307
702000.0, 2.170, 2.268, 2.307
703000.0, 2.170, 2.268, 2.307
704000.0, 2.170, 2.263, 2.307
705000.0, 2.170, 2.263, 2.307
706000.0, 2.170, 2.263, 2.307
707000.0, 2.170, 2.263, 2.302
708000.0, 2.170, 2.263, 2.302
709000.0, 2.170, 2.263, 2.307
710000.0, 2.175, 2.263, 2.307
711000.0, 2.170, 2.263, 2.307
712000.0, 2.170, 2.263, 2.307
713000.0, 2.170, 2.263, 2.302
714000.0, 2.170, 2.263, 2.302
715000.0, 2.170, 2.263, 2.302
716000.0, 2.170, 2.263, 2.302
717000.0, 2.170, 2.263, 2.302
718000.0, 2.165, 2.263, 2.302
719000.0, 2.165, 2.263, 2.302
720000.0, 2.170, 2.263, 2.302
721000.0, 2.165, 2.263, 2.302
722000.0, 2.170, 2.263, 2.302
723000.0, 2.170, 2.258, 2.302
724000.0, 2.170, 2.258, 2.302
725000.0, 2.170, 2.258, 2.302
726000.0, 2.170, 2.258, 2.302
727000.0, 2.170, 2.258, 2.302
728000.0, 2.170, 2.258, 2.302
729000.0, 2.170, 2.258, 2.302
730000.0, 2.170, 2.258, 2.302
731000.0, 2.170, 2.258, 2.302
732000.0, 2.170, 2.258, 2.302
733000.0, 2.170, 2.258, 2.307
734000.0, 2.170, 2.263, 2.307
735000.0, 2.165, 2.258, 2.302
736000.0, 2.170, 2.263, 2.307
737000.0, 2.165, 2.263, 2.307
738000.0, 2.170, 2.263, 2.307
739000.0, 2.165, 2.263, 2.307
740000.0, 2.170, 2.263, 2.307
741000.0, 2.165, 2.263, 2.307
742000.0, 2.165, 2.263, 2.307
743000.0, 2.170, 2.263, 2.307
744000.0, 2.170, 2.263, 2.307
745000.0, 2.170, 2.263, 2.307
746000.0, 2.170, 2.263, 2.307
747000.0, 2.165, 2.263, 2.307
748000.0, 2.170, 2.263, 2.312
749000.0, 2.170, 2.268, 2.312
750000.0, 2.170, 2.268, 2.312
751000.0, 2.165, 2.263, 2.307
752000.0, 2.165, 2.263, 2.312
753000.0, 2.165, 2.268, 2.312
754000.0, 2.165, 2.268, 2.312
755000.0, 2.165, 2.263, 2.312
756000.0, 2.165, 2.268, 2.312
757000.0, 2.165, 2.268, 2.312
758000.0, 2.165, 2.268, 2.312
759000.0, 2.165, 2.263, 2.312
760000.0, 2.165, 2.268, 2.307
761000.0, 2.165, 2.263, 2.312
762000.0, 2.165, 2.263, 2.312
763000.0, 2.165, 2.263, 2.312
764000.0, 2.165, 2.263, 2.312
765000.0, 2.165, 2.263, 2.312
766000.0, 2.165, 2.263, 2.312
767000.0, 2.165, 2.263, 2.312
768000.0, 2.165, 2.263, 2.312
769000.0, 2.165, 2.263, 2.312
770000.0, 2.165, 2.263, 2.312
771000.0, 2.165, 2.263, 2.312
772000.0, 2.165, 2.263, 2.307
773000.0, 2.165, 2.263, 2.307
774000.0, 2.165, 2.263, 2.307
775000.0, 2.165, 2.263, 2.307
776000.0, 2.165, 2.263, 2.307
777000.0, 2.165, 2.258, 2.307
778000.0, 2.170, 2.263, 2.307
779000.0, 2.165, 2.258, 2.307
780000.0, 2.165, 2.258, 2.307
781000.0, 2.165, 2.263, 2.307
782000.0, 2.170, 2.258, 2.307
783000.0, 2.170, 2.258, 2.307
784000.0, 2.165, 2.258, 2.307
785000.0, 2.170, 2.263, 2.307
786000.0, 2.165, 2.263, 2.307
787000.0, 2.170, 2.263, 2.307
788000.0, 2.170, 2.263, 2.307
789000.0, 2.170, 2.263, 2.307
790000.0, 2.170, 2.268, 2.312
791000.0, 2.170, 2.268, 2.312
792000.0, 2.170, 2.268, 2.312
793000.0, 2.170, 2.268, 2.312
794000.0, 2.170, 2.263, 2.312
795000.0, 2.170, 2.268, 2.312
796000.0, 2.170, 2.268, 2.307
797000.0, 2.170, 2.268, 2.307
798000.0, 2.170, 2.268, 2.307
799000.0, 2.170, 2.268, 2.307
800000.0, 2.170, 2.268, 2.307
801000.0, 2.170, 2.268, 2.307
802000.0, 2.170, 2.268, 2.307
803000.0, 2.170, 2.268, 2.307
804000.0, 2.170, 2.268, 2.307
805000.0, 2.170, 2.268, 2.307
806000.0, 2.170, 2.263, 2.307
807000.0, 2.165, 2.263, 2.307
808000.0, 2.165, 2.263, 2.307
809000.0, 2.165, 2.263, 2.307
810000.0, 2.165, 2.263, 2.307
811000.0, 2.165, 2.263, 2.307
812000.0, 2.165, 2.263, 2.307
813000.0, 2.165, 2.263, 2.307
814000.0, 2.165, 2.263, 2.307
815000.0, 2.165, 2.263, 2.307
816000.0, 2.165, 2.263, 2.307
817000.0, 2.165, 2.263, 2.307
818000.0, 2.165, 2.263, 2.307
819000.0, 2.165, 2.263, 2.307
820000.0, 2.165, 2.263, 2.307
821000.0, 2.165, 2.263, 2.307
822000.0, 2.165, 2.263, 2.307
823000.0, 2.165, 2.263, 2.307
824000.0, 2.165, 2.263, 2.307
825000.0, 2.165, 2.263, 2.307
826000.0, 2.165, 2.263, 2.307
827000.0, 2.165, 2.263, 2.307
828000.0, 2.165, 2.263, 2.307
829000.0, 2.165, 2.263, 2.307
830000.0, 2.165, 2.263, 2.307
831000.0, 2.165, 2.263, 2.307
832000.0, 2.165, 2.263, 2.307
833000.0, 2.165, 2.263, 2.307
834000.0, 2.165, 2.258, 2.302
835000.0, 2.165, 2.263, 2.307
836000.0, 2.165, 2.258, 2.302
837000.0, 2.165, 2.263, 2.307
838000.0, 2.165, 2.258, 2.307
839000.0, 2.165, 2.263, 2.307
840000.0, 2.165, 2.258, 2.302
841000.0, 2.165, 2.258, 2.302
842000.0, 2.165, 2.258, 2.302
843000.0, 2.165, 2.258, 2.302
844000.0, 2.165, 2.258, 2.302
845000.0, 2.165, 2.258, 2.302
846000.0, 2.165, 2.258, 2.302
847000.0, 2.165, 2.258, 2.302
848000.0, 2.165, 2.258, 2.302
849000.0, 2.165, 2.258, 2.302
850000.0, 2.165, 2.258, 2.302
851000.0, 2.165, 2.263, 2.302
852000.0, 2.165, 2.263, 2.302
853000.0, 2.165, 2.263, 2.302
854000.0, 2.165, 2.263, 2.307
855000.0, 2.165, 2.263, 2.307
856000.0, 2.170, 2.263, 2.307
857000.0, 2.170, 2.263, 2.307
858000.0, 2.170, 2.263, 2.307
859000.0, 2.170, 2.263, 2.307
860000.0, 2.170, 2.263, 2.307
861000.0, 2.165, 2.263, 2.307
862000.0, 2.165, 2.263, 2.307
863000.0, 2.165, 2.263, 2.307
864000.0, 2.170, 2.263, 2.307
865000.0, 2.170, 2.263, 2.307
866000.0, 2.170, 2.263, 2.307
867000.0, 2.165, 2.263, 2.307
868000.0, 2.170, 2.263, 2.307
869000.0, 2.170, 2.263, 2.307
870000.0, 2.170, 2.263, 2.307
871000.0, 2.170, 2.263, 2.307
872000.0, 2.170, 2.263, 2.307
873000.0, 2.165, 2.263, 2.307
874000.0, 2.165, 2.263, 2.307
875000.0, 2.165, 2.263, 2.307
876000.0, 2.165, 2.258, 2.307
877000.0, 2.165, 2.263, 2.307
878000.0, 2.165, 2.263, 2.307
879000.0, 2.165, 2.263, 2.302
880000.0, 2.165, 2.263, 2.307
881000.0, 2.165, 2.258, 2.302
882000.0, 2.165, 2.258, 2.307
883000.0, 2.165, 2.263, 2.302
884000.0, 2.165, 2.263, 2.307
885000.0, 2.165, 2.258, 2.302
886000.0, 2.165, 2.258, 2.307
887000.0, 2.160, 2.258, 2.302
888000.0, 2.160, 2.258, 2.302
889000.0, 2.165, 2.258, 2.302
890000.0, 2.165, 2.258, 2.302
891000.0, 2.165, 2.258, 2.307
892000.0, 2.165, 2.263, 2.307
893000.0, 2.165, 2.263, 2.307
894000.0, 2.165, 2.258, 2.307
895000.0, 2.165, 2.263, 2.307
896000.0, 2.165, 2.258, 2.307
897000.0, 2.165, 2.258, 2.307
898000.0, 2.160, 2.258, 2.307
899000.0, 2.165, 2.263, 2.307
900000.0, 2.165, 2.258, 2.307
901000.0, 2.165, 2.258, 2.307
902000.0, 2.165, 2.258, 2.302
903000.0, 2.165, 2.258, 2.302
904000.0, 2.165, 2.258, 2.302
905000.0, 2.165, 2.258, 2.302
906000.0, 2.160, 2.258, 2.302
907000.0, 2.160, 2.258, 2.307
908000.0, 2.160, 2.258, 2.307
909000.0, 2.160, 2.258, 2.302
910000.0, 2.160, 2.258, 2.307
911000.0, 2.160, 2.258, 2.302
912000.0, 2.160, 2.258, 2.302
913000.0, 2.160, 2.258, 2.302
914000.0, 2.160, 2.258, 2.307
915000.0, 2.160, 2.258, 2.307
916000.0, 2.160, 2.258, 2.302
917000.0, 2.160, 2.258, 2.302
918000.0, 2.160, 2.258, 2.302
919000.0, 2.160, 2.258, 2.302
920000.0, 2.160, 2.258, 2.302
921000.0, 2.160, 2.258, 2.302
922000.0, 2.165, 2.258, 2.302
923000.0, 2.165, 2.253, 2.297
924000.0, 2.165, 2.253, 2.297
925000.0, 2.165, 2.258, 2.297
926000.0, 2.170, 2.258, 2.297
927000.0, 2.165, 2.253, 2.297
928000.0, 2.165, 2.258, 2.297
929000.0, 2.170, 2.258, 2.297
930000.0, 2.170, 2.258, 2.297
931000.0, 2.170, 2.258, 2.302
932000.0, 2.175, 2.263, 2.302
933000.0, 2.175, 2.263, 2.302
934000.0, 2.175, 2.263, 2.302
935000.0, 2.175, 2.263, 2.302
936000.0, 2.180, 2.263, 2.302
937000.0, 2.180, 2.263, 2.302
938000.0, 2.180, 2.263, 2.302
939000.0, 2.180, 2.263, 2.302
940000.0, 2.180, 2.263, 2.297
941000.0, 2.185, 2.263, 2.302
942000.0, 2.185, 2.263, 2.302
943000.0, 2.180, 2.263, 2.302
944000.0, 2.180, 2.263, 2.302
945000.0, 2.180, 2.263, 2.302
946000.0, 2.180, 2.263, 2.302
947000.0, 2.180, 2.263, 2.302
948000.0, 2.180, 2.263, 2.302
949000.0, 2.180, 2.263, 2.302
950000.0, 2.180, 2.263, 2.302
951000.0, 2.180, 2.263, 2.302
952000.0, 2.175, 2.263, 2.302
953000.0, 2.175, 2.263, 2.302
954000.0, 2.175, 2.263, 2.302
955000.0, 2.170, 2.263, 2.302
956000.0, 2.170, 2.263, 2.302
957000.0, 2.170, 2.263, 2.302
958000.0, 2.170, 2.258, 2.302
959000.0, 2.170, 2.263, 2.302
960000.0, 2.170, 2.258, 2.302
961000.0, 2.170, 2.263, 2.302
962000.0, 2.170, 2.263, 2.302
963000.0, 2.165, 2.258, 2.302
964000.0, 2.165, 2.258, 2.302
965000.0, 2.165, 2.258, 2.302
966000.0, 2.165, 2.258, 2.302
967000.0, 2.165, 2.258, 2.302
968000.0, 2.165, 2.258, 2.302
969000.0, 2.165, 2.258, 2.302
970000.0, 2.165, 2.258, 2.302
971000.0, 2.165, 2.258, 2.302
972000.0, 2.165, 2.258, 2.302
973000.0, 2.165, 2.258, 2.302
974000.0, 2.165, 2.258, 2.302
975000.0, 2.165, 2.258, 2.302
976000.0, 2.165, 2.258, 2.297
977000.0, 2.165, 2.258, 2.297
978000.0, 2.165, 2.258, 2.297
979000.0, 2.165, 2.258, 2.297
980000.0, 2.170, 2.253, 2.297
981000.0, 2.170, 2.258, 2.302
982000.0, 2.170, 2.258, 2.302
983000.0, 2.170, 2.258, 2.302
984000.0, 2.170, 2.258, 2.302
985000.0, 2.170, 2.258, 2.302
986000.0, 2.170, 2.258, 2.297
987000.0, 2.170, 2.258, 2.302
988000.0, 2.170, 2.258, 2.297
989000.0, 2.170, 2.258, 2.302
990000.0, 2.170, 2.258, 2.302
991000.0, 2.170, 2.258, 2.302
992000.0, 2.165, 2.258, 2.302
993000.0, 2.165, 2.258, 2.302
994000.0, 2.165, 2.258, 2.302
995000.0, 2.165, 2.258, 2.302
996000.0, 2.165, 2.258, 2.302
997000.0, 2.165, 2.258, 2.302
998000.0, 2.165, 2.258, 2.302
999000.0, 2.165, 2.258, 2.307
1000000.0, 2.165, 2.258, 2.307
1001000.0, 2.165, 2.258, 2.307
1002000.0, 2.165, 2.258, 2.307
1003000.0, 2.165, 2.258, 2.307
1004000.0, 2.165, 2.258, 2.307
1005000.0, 2.165, 2.258, 2.307
1006000.0, 2.165, 2.258, 2.302
1007000.0, 2.165, 2.263, 2.302
1008000.0, 2.165, 2.263, 2.302
1009000.0, 2.165, 2.263, 2.302
1010000.0, 2.165, 2.263, 2.302
1011000.0, 2.165, 2.263, 2.302
1012000.0, 2.170, 2.263, 2.302
1013000.0, 2.170, 2.263, 2.302
1014000.0, 2.170, 2.263, 2.302
1015000.0, 2.170, 2.263, 2.302
1016000.0, 2.170, 2.263, 2.302
1017000.0, 2.170, 2.263, 2.302
1018000.0, 2.170, 2.263, 2.302
1019000.0, 2.165, 2.263, 2.307
1020000.0, 2.165, 2.263, 2.307
1021000.0, 2.170, 2.263, 2.307
1022000.0, 2.165, 2.263, 2.307
1023000.0, 2.170, 2.263, 2.307
1024000.0, 2.175, 2.263, 2.307
1025000.0, 2.175, 2.263, 2.307
1026000.0, 2.175, 2.263, 2.307
1027000.0, 2.175, 2.268, 2.307
1028000.0, 2.175, 2.263, 2.307
1029000.0, 2.180, 2.263, 2.307
1030000.0, 2.185, 2.263, 2.307
1031000.0, 2.195, 2.263, 2.302
1032000.0, 2.204, 2.268, 2.302
1033000.0, 2.214, 2.268, 2.302
1034000.0, 2.219, 2.268, 2.302
1035000.0, 2.229, 2.268, 2.302
1036000.0, 2.234, 2.268, 2.302
1037000.0, 2.239, 2.268, 2.302
1038000.0, 2.243, 2.273, 2.302
1039000.0, 2.248, 2.273, 2.302
1040000.0, 2.253, 2.273, 2.302
1041000.0, 2.258, 2.273, 2.302
1042000.0, 2.263, 2.273, 2.302
1043000.0, 2.268, 2.278, 2.302
1044000.0, 2.268, 2.278, 2.302
1045000.0, 2.273, 2.278, 2.307
1046000.0, 2.278, 2.283, 2.307
1047000.0, 2.278, 2.283, 2.307
1048000.0, 2.283, 2.283, 2.307
1049000.0, 2.283, 2.287, 2.307
1050000.0, 2.287, 2.287, 2.307
1051000.0, 2.287, 2.287, 2.312
1052000.0, 2.292, 2.292, 2.312
1053000.0, 2.297, 2.292, 2.312
1054000.0, 2.297, 2.297, 2.312
1055000.0, 2.302, 2.297, 2.312
1056000.0, 2.302, 2.297, 2.317
1057000.0, 2.307, 2.302, 2.317
1058000.0, 2.307, 2.302, 2.317
1059000.0, 2.312, 2.302, 2.317
1060000.0, 2.312, 2.307, 2.322
1061000.0, 2.317, 2.307, 2.322
1062000.0, 2.317, 2.312, 2.322
1063000.0, 2.322, 2.312, 2.322
1064000.0, 2.322, 2.312, 2.326
1065000.0, 2.322, 2.317, 2.326
1066000.0, 2.326, 2.317, 2.326
1067000.0, 2.326, 2.317, 2.326
1068000.0, 2.331, 2.322, 2.326
1069000.0, 2.331, 2.322, 2.331
1070000.0, 2.336, 2.326, 2.331
1071000.0, 2.336, 2.326, 2.331
1072000.0, 2.341, 2.326, 2.336
1073000.0, 2.341, 2.331, 2.336
1074000.0, 2.341, 2.331, 2.336
1075000.0, 2.346, 2.331, 2.336
1076000.0, 2.346, 2.336, 2.336
1077000.0, 2.351, 2.336, 2.341
1078000.0, 2.351, 2.341, 2.346
1079000.0, 2.351, 2.341, 2.346
1080000.0, 2.356, 2.341, 2.351
1081000.0, 2.356, 2.341, 2.351
1082000.0, 2.356, 2.346, 2.356
1083000.0, 2.356, 2.346, 2.356
1084000.0, 2.361, 2.351, 2.356
1085000.0, 2.361, 2.351, 2.356
1086000.0, 2.361, 2.351, 2.361
1087000.0, 2.366, 2.351, 2.361
1088000.0, 2.366, 2.356, 2.361
1089000.0, 2.370, 2.356, 2.361
1090000.0, 2.370, 2.361, 2.361
1091000.0, 2.370, 2.361, 2.366
1092000.0, 2.375, 2.361, 2.366
1093000.0, 2.375, 2.366, 2.366
1094000.0, 2.380, 2.366, 2.366
1095000.0, 2.380, 2.366, 2.370
1096000.0, 2.380, 2.366, 2.370
1097000.0, 2.380, 2.370, 2.370
1098000.0, 2.385, 2.370, 2.370
1099000.0, 2.385, 2.375, 2.370
1100000.0, 2.390, 2.375, 2.370
1101000.0, 2.390, 2.375, 2.375
1102000.0, 2.390, 2.375, 2.375
1103000.0, 2.390, 2.380, 2.375
1104000.0, 2.390, 2.380, 2.380
1105000.0, 2.390, 2.380, 2.380
1106000.0, 2.395, 2.385, 2.380
1107000.0, 2.395, 2.385, 2.380
1108000.0, 2.400, 2.385, 2.380
1109000.0, 2.400, 2.390, 2.385
1110000.0, 2.400, 2.390, 2.385
1111000.0, 2.405, 2.390, 2.390
1112000.0, 2.405, 2.390, 2.390
1113000.0, 2.405, 2.395, 2.395
1114000.0, 2.410, 2.395, 2.390
1115000.0, 2.405, 2.395, 2.395
1116000.0, 2.410, 2.395, 2.395
1117000.0, 2.410, 2.400, 2.395
1118000.0, 2.410, 2.400, 2.395
1119000.0, 2.410, 2.400, 2.400
1120000.0, 2.410, 2.400, 2.400
1121000.0, 2.410, 2.400, 2.400
1122000.0, 2.410, 2.400, 2.400
1123000.0, 2.410, 2.400, 2.400
1124000.0, 2.414, 2.405, 2.405
1125000.0, 2.414, 2.405, 2.405
1126000.0, 2.414, 2.405, 2.405
1127000.0, 2.419, 2.405, 2.405
1128000.0, 2.419, 2.410, 2.405
1129000.0, 2.419, 2.410, 2.410
1130000.0, 2.419, 2.410, 2.410
1131000.0, 2.424, 2.414, 2.410
1132000.0, 2.424, 2.414, 2.414
1133000.0, 2.429, 2.414, 2.414
1134000.0, 2.429, 2.419, 2.414
1135000.0, 2.429, 2.419, 2.414
1136000.0, 2.429, 2.419, 2.419
1137000.0, 2.434, 2.419, 2.419
1138000.0, 2.434, 2.419, 2.419
1139000.0, 2.434, 2.424, 2.419
1140000.0, 2.434, 2.424, 2.419
1141000.0, 2.434, 2.424, 2.419
1142000.0, 2.434, 2.424, 2.424
1143000.0, 2.434, 2.424, 2.424
1144000.0, 2.439, 2.429, 2.424
1145000.0, 2.439, 2.429, 2.424
1146000.0, 2.439, 2.429, 2.424
1147000.0, 2.439, 2.429, 2.429
1148000.0, 2.439, 2.429, 2.429
1149000.0, 2.439, 2.429, 2.429
1150000.0, 2.439, 2.434, 2.429
1151000.0, 2.444, 2.434, 2.434
1152000.0, 2.444, 2.434, 2.434
1153000.0, 2.444, 2.434, 2.434
1154000.0, 2.444, 2.434, 2.434
1155000.0, 2.444, 2.439, 2.434
1156000.0, 2.444, 2.439, 2.439
1157000.0, 2.449, 2.439, 2.439
1158000.0, 2.449, 2.439, 2.439
1159000.0, 2.449, 2.439, 2.439
1160000.0, 2.449, 2.439, 2.439
1161000.0, 2.449, 2.439, 2.444
1162000.0, 2.449, 2.439, 2.444
1163000.0, 2.454, 2.444, 2.444
1164000.0, 2.454, 2.444, 2.444
1165000.0, 2.454, 2.444, 2.444
1166000.0, 2.458, 2.449, 2.449
1167000.0, 2.458, 2.449, 2.449
1168000.0, 2.458, 2.449, 2.449
1169000.0, 2.458, 2.449, 2.449
1170000.0, 2.458, 2.449, 2.449
1171000.0, 2.458, 2.449, 2.449
1172000.0, 2.458, 2.454, 2.454
1173000.0, 2.458, 2.454, 2.454
1174000.0, 2.458, 2.454, 2.454
1175000.0, 2.463, 2.458, 2.458
1176000.0, 2.463, 2.458, 2.458
1177000.0, 2.463, 2.458, 2.458
1178000.0, 2.463, 2.458, 2.458
1179000.0, 2.463, 2.458, 2.458
1180000.0, 2.463, 2.458, 2.458
1181000.0, 2.463, 2.458, 2.458
1182000.0, 2.463, 2.463, 2.458
1183000.0, 2.463, 2.463, 2.463
1184000.0, 2.463, 2.463, 2.463
1185000.0, 2.468, 2.463, 2.463
1186000.0, 2.468, 2.463, 2.463
1187000.0, 2.468, 2.463, 2.468
1188000.0, 2.468, 2.468, 2.468
1189000.0, 2.468, 2.468, 2.468
1190000.0, 2.468, 2.468, 2.468
1191000.0, 2.468, 2.468, 2.468
1192000.0, 2.473, 2.468, 2.468
1193000.0, 2.473, 2.468, 2.468
1194000.0, 2.473, 2.468, 2.473
1195000.0, 2.473, 2.468, 2.473
1196000.0, 2.473, 2.468, 2.473
1197000.0, 2.473, 2.473, 2.473
1198000.0, 2.473, 2.473, 2.473
1199000.0, 2.473, 2.473, 2.478
1200000.0, 2.473, 2.473, 2.478
1201000.0, 2.473, 2.473, 2.478
1202000.0, 2.478, 2.478, 2.478
1203000.0, 2.473, 2.473, 2.478
1204000.0, 2.478, 2.473, 2.478
1205000.0, 2.478, 2.478, 2.478
1206000.0, 2.478, 2.478, 2.483
1207000.0, 2.478, 2.478, 2.483
1208000.0, 2.478, 2.478, 2.483
1209000.0, 2.478, 2.478, 2.483
1210000.0, 2.478, 2.478, 2.488
1211000.0, 2.483, 2.483, 2.483
1212000.0, 2.478, 2.478, 2.483
1213000.0, 2.483, 2.483, 2.488
1214000.0, 2.483, 2.483, 2.488
1215000.0, 2.483, 2.483, 2.488
1216000.0, 2.483, 2.483, 2.488
1217000.0, 2.483, 2.483, 2.488
1218000.0, 2.488, 2.488, 2.488
1219000.0, 2.483, 2.483, 2.488
1220000.0, 2.488, 2.488, 2.488
1221000.0, 2.488, 2.488, 2.488
1222000.0, 2.488, 2.488, 2.488
1223000.0, 2.488, 2.488, 2.488
1224000.0, 2.488, 2.488, 2.493
1225000.0, 2.493, 2.493, 2.493
1226000.0, 2.493, 2.493, 2.493
1227000.0, 2.493, 2.493, 2.493
1228000.0, 2.493, 2.493, 2.493
1229000.0, 2.493, 2.493, 2.493
1230000.0, 2.493, 2.493, 2.493
1231000.0, 2.493, 2.493, 2.493
1232000.0, 2.493, 2.493, 2.493
1233000.0, 2.493, 2.493, 2.493
1234000.0, 2.493, 2.493, 2.498
1235000.0, 2.498, 2.498, 2.498
1236000.0, 2.493, 2.493, 2.498
1237000.0, 2.493, 2.493, 2.498
1238000.0, 2.498, 2.498, 2.502
1239000.0, 2.498, 2.498, 2.502
1240000.0, 2.498, 2.498, 2.502
1241000.0, 2.498, 2.498, 2.502
1242000.0, 2.498, 2.498, 2.502
1243000.0, 2.498, 2.502, 2.502
1244000.0, 2.498, 2.502, 2.502
1245000.0, 2.498, 2.498, 2.502
1246000.0, 2.502, 2.502, 2.507
1247000.0, 2.498, 2.502, 2.502
1248000.0, 2.502, 2.502, 2.507
1249000.0, 2.502, 2.502, 2.507
1250000.0, 2.502, 2.502, 2.507
1251000.0, 2.498, 2.502, 2.507
1252000.0, 2.502, 2.502, 2.507
1253000.0, 2.502, 2.502, 2.507
1254000.0, 2.502, 2.502, 2.507
1255000.0, 2.502, 2.502, 2.507
1256000.0, 2.502, 2.507, 2.507
1257000.0, 2.502, 2.507, 2.507
1258000.0, 2.502, 2.507, 2.512
1259000.0, 2.507, 2.507, 2.512
1260000.0, 2.507, 2.507, 2.512
1261000.0, 2.507, 2.507, 2.512
1262000.0, 2.507, 2.507, 2.512
1263000.0, 2.507, 2.507, 2.512
1264000.0, 2.507, 2.507, 2.512
1265000.0, 2.507, 2.512, 2.512
1266000.0, 2.512, 2.512, 2.512
1267000.0, 2.512, 2.512, 2.512
1268000.0, 2.512, 2.512, 2.512
1269000.0, 2.512, 2.512, 2.512
1270000.0, 2.512, 2.512, 2.517
1271000.0, 2.512, 2.512, 2.512
1272000.0, 2.512, 2.512, 2.512
1273000.0, 2.512, 2.517, 2.517
1274000.0, 2.512, 2.512, 2.517
1275000.0, 2.512, 2.512, 2.517
1276000.0, 2.512, 2.517, 2.517
1277000.0, 2.512, 2.517, 2.517
1278000.0, 2.512, 2.517, 2.517
1279000.0, 2.512, 2.517, 2.517
1280000.0, 2.517, 2.517, 2.517
1281000.0, 2.517, 2.517, 2.517
1282000.0, 2.517, 2.517, 2.517
1283000.0, 2.517, 2.517, 2.517
1284000.0, 2.517, 2.517, 2.522
1285000.0, 2.517, 2.517, 2.517
1286000.0, 2.517, 2.522, 2.522
1287000.0, 2.517, 2.522, 2.522
1288000.0, 2.517, 2.522, 2.522
1289000.0, 2.517, 2.522, 2.522
1290000.0, 2.517, 2.522, 2.522
1291000.0, 2.522, 2.522, 2.522
1292000.0, 2.522, 2.522, 2.522
1293000.0, 2.522, 2.522, 2.522
1294000.0, 2.522, 2.522, 2.522
1295000.0, 2.522, 2.522, 2.522
1296000.0, 2.522, 2.522, 2.522
1297000.0, 2.522, 2.522, 2.522
1298000.0, 2.522, 2.522, 2.522
1299000.0, 2.522, 2.522, 2.527
1300000.0, 2.522, 2.522, 2.527
1301000.0, 2.522, 2.527, 2.527
1302000.0, 2.522, 2.527, 2.527
1303000.0, 2.522, 2.527, 2.527
1304000.0, 2.522, 2.527, 2.527
1305000.0, 2.522, 2.527, 2.527
1306000.0, 2.522, 2.527, 2.522
1307000.0, 2.522, 2.527, 2.527
1308000.0, 2.527, 2.527, 2.527
1309000.0, 2.522, 2.527, 2.527
1310000.0, 2.527, 2.527, 2.527
1311000.0, 2.527, 2.527, 2.527
1312000.0, 2.527, 2.527, 2.527
1313000.0, 2.527, 2.532, 2.532
1314000.0, 2.527, 2.527, 2.527
1315000.0, 2.527, 2.532, 2.532
1316000.0, 2.527, 2.532, 2.532
1317000.0, 2.527, 2.532, 2.532
1318000.0, 2.527, 2.532, 2.532
1319000.0, 2.527, 2.532, 2.532
1320000.0, 2.527, 2.532, 2.532
1321000.0, 2.527, 2.532, 2.532
1322000.0, 2.527, 2.532, 2.532
1323000.0, 2.527, 2.532, 2.532
1324000.0, 2.527, 2.532, 2.532
1325000.0, 2.527, 2.532, 2.532
1326000.0, 2.532, 2.532, 2.532
1327000.0, 2.532, 2.532, 2.532
1328000.0, 2.527, 2.532, 2.532
1329000.0, 2.527, 2.532, 2.532
1330000.0, 2.532, 2.537, 2.537
1331000.0, 2.532, 2.532, 2.537
1332000.0, 2.532, 2.537, 2.537
1333000.0, 2.532, 2.532, 2.537
1334000.0, 2.532, 2.537, 2.537
1335000.0, 2.532, 2.537, 2.537
1336000.0, 2.532, 2.537, 2.537
1337000.0, 2.532, 2.537, 2.537
1338000.0, 2.532, 2.537, 2.537
1339000.0, 2.532, 2.537, 2.537
1340000.0, 2.532, 2.537, 2.537
1341000.0, 2.532, 2.537, 2.537
1342000.0, 2.532, 2.537, 2.542
1343000.0, 2.532, 2.537, 2.537
1344000.0, 2.532, 2.537, 2.542
1345000.0, 2.532, 2.537, 2.542
1346000.0, 2.537, 2.537, 2.542
1347000.0, 2.537, 2.537, 2.542
1348000.0, 2.532, 2.537, 2.542
1349000.0, 2.537, 2.542, 2.542
1350000.0, 2.537, 2.542, 2.542
1351000.0, 2.532, 2.537, 2.542
1352000.0, 2.537, 2.542, 2.542
1353000.0, 2.537, 2.542, 2.542
1354000.0, 2.537, 2.542, 2.542
1355000.0, 2.532, 2.537, 2.542
1356000.0, 2.537, 2.542, 2.542
1357000.0, 2.532, 2.542, 2.542
1358000.0, 2.537, 2.542, 2.542
1359000.0, 2.537, 2.542, 2.542
1360000.0, 2.537, 2.542, 2.546
1361000.0, 2.537, 2.542, 2.546
1362000.0, 2.537, 2.542, 2.546
1363000.0, 2.537, 2.542, 2.546
1364000.0, 2.537, 2.542, 2.542
1365000.0, 2.537, 2.542, 2.546
1366000.0, 2.537, 2.542, 2.546
1367000.0, 2.537, 2.542, 2.546
1368000.0, 2.537, 2.542, 2.546
1369000.0, 2.537, 2.542, 2.546
1370000.0, 2.537, 2.542, 2.546
1371000.0, 2.537, 2.542, 2.546
1372000.0, 2.537, 2.546, 2.546
1373000.0, 2.537, 2.546, 2.546
1374000.0, 2.537, 2.546, 2.546
1375000.0, 2.542, 2.546, 2.546
1376000.0, 2.542, 2.546, 2.546
1377000.0, 2.542, 2.546, 2.546
1378000.0, 2.542, 2.546, 2.546
1379000.0, 2.542, 2.546, 2.546
1380000.0, 2.537, 2.546, 2.546
1381000.0, 2.542, 2.546, 2.546
1382000.0, 2.542, 2.546, 2.546
1383000.0, 2.542, 2.546, 2.551
1384000.0, 2.542, 2.546, 2.551
1385000.0, 2.542, 2.546, 2.551
1386000.0, 2.542, 2.546, 2.546
1387000.0, 2.542, 2.551, 2.546
1388000.0, 2.542, 2.546, 2.551
1389000.0, 2.542, 2.546, 2.546
1390000.0, 2.542, 2.546, 2.551
1391000.0, 2.542, 2.546, 2.546
1392000.0, 2.542, 2.546, 2.551
1393000.0, 2.542, 2.546, 2.546
1394000.0, 2.542, 2.546, 2.551
1395000.0, 2.546, 2.546, 2.551
1396000.0, 2.542, 2.546, 2.551
1397000.0, 2.542, 2.546, 2.551
1398000.0, 2.546, 2.546, 2.551
1399000.0, 2.542, 2.546, 2.551
1400000.0, 2.542, 2.551, 2.551
1401000.0, 2.546, 2.551, 2.551
1402000.0, 2.546, 2.551, 2.551
1403000.0, 2.546, 2.551, 2.551
1404000.0, 2.546, 2.551, 2.551
1405000.0, 2.546, 2.551, 2.551
1406000.0, 2.546, 2.551, 2.551
1407000.0, 2.546, 2.551, 2.551
1408000.0, 2.546, 2.551, 2.551
1409000.0, 2.546, 2.551, 2.551
1410000.0, 2.546, 2.551, 2.551
1411000.0, 2.546, 2.551, 2.551
1412000.0, 2.546, 2.551, 2.551
1413000.0, 2.546, 2.551, 2.551
1414000.0, 2.546, 2.551, 2.556
1415000.0, 2.546, 2.551, 2.551
1416000.0, 2.546, 2.551, 2.551
1417000.0, 2.546, 2.551, 2.556
1418000.0, 2.546, 2.551, 2.556
1419000.0, 2.546, 2.551, 2.556
1420000.0, 2.546, 2.551, 2.556
1421000.0, 2.546, 2.551, 2.556
1422000.0, 2.546, 2.551, 2.556
1423000.0, 2.546, 2.551, 2.556
1424000.0, 2.546, 2.551, 2.556
1425000.0, 2.546, 2.551, 2.556
1426000.0, 2.546, 2.551, 2.556
1427000.0, 2.546, 2.551, 2.556
1428000.0, 2.546, 2.556, 2.556
1429000.0, 2.546, 2.551, 2.556
1430000.0, 2.546, 2.556, 2.556
1431000.0, 2.551, 2.556, 2.556
1432000.0, 2.551, 2.556, 2.556
1433000.0, 2.546, 2.556, 2.556
1434000.0, 2.551, 2.556, 2.556
1435000.0, 2.551, 2.556, 2.561
1436000.0, 2.551, 2.556, 2.561
1437000.0, 2.551, 2.556, 2.561
1438000.0, 2.551, 2.556, 2.561
1439000.0, 2.546, 2.556, 2.561
1440000.0, 2.546, 2.556, 2.561
1441000.0, 2.551, 2.556, 2.561
1442000.0, 2.551, 2.556, 2.561
1443000.0, 2.551, 2.556, 2.561
1444000.0, 2.551, 2.556, 2.561
1445000.0, 2.551, 2.556, 2.561
1446000.0, 2.551, 2.556, 2.561
1447000.0, 2.551, 2.556, 2.561
1448000.0, 2.551, 2.556, 2.561
1449000.0, 2.551, 2.556, 2.561
1450000.0, 2.551, 2.556, 2.561
1451000.0, 2.551, 2.556, 2.561
1452000.0, 2.551, 2.556, 2.561
1453000.0, 2.551, 2.556, 2.561
1454000.0, 2.551, 2.561, 2.561
1455000.0, 2.551, 2.556, 2.561
1456000.0, 2.551, 2.561, 2.561
1457000.0, 2.551, 2.561, 2.561
1458000.0, 2.551, 2.561, 2.561
1459000.0, 2.551, 2.561, 2.561
1460000.0, 2.551, 2.561, 2.561
1461000.0, 2.551, 2.561, 2.561
1462000.0, 2.551, 2.561, 2.561
1463000.0, 2.551, 2.561, 2.561
1464000.0, 2.551, 2.561, 2.566
1465000.0, 2.551, 2.561, 2.566
1466000.0, 2.551, 2.561, 2.561
1467000.0, 2.551, 2.561, 2.566
1468000.0, 2.551, 2.561, 2.561
1469000.0, 2.551, 2.561, 2.566
1470000.0, 2.551, 2.561, 2.566
1471000.0, 2.551, 2.561, 2.561
1472000.0, 2.551, 2.561, 2.566
1473000.0, 2.551, 2.561, 2.566
1474000.0, 2.551, 2.561, 2.566
1475000.0, 2.551, 2.561, 2.566
1476000.0, 2.551, 2.561, 2.566
1477000.0, 2.551, 2.561, 2.566
1478000.0, 2.551, 2.561, 2.566
1479000.0, 2.551, 2.561, 2.566
1480000.0, 2.551, 2.561, 2.566
1481000.0, 2.551, 2.561, 2.566
1482000.0, 2.551, 2.561, 2.566
1483000.0, 2.556, 2.561, 2.566
1484000.0, 2.556, 2.561, 2.566
1485000.0, 2.556, 2.561, 2.566
1486000.0, 2.551, 2.561, 2.566
1487000.0, 2.556, 2.561, 2.566
1488000.0, 2.556, 2.561, 2.566
1489000.0, 2.551, 2.561, 2.566
1490000.0, 2.556, 2.561, 2.566
1491000.0, 2.556, 2.561, 2.566
1492000.0, 2.556, 2.561, 2.566
1493000.0, 2.556, 2.561, 2.566
1494000.0, 2.556, 2.566, 2.566
1495000.0, 2.556, 2.561, 2.566
1496000.0, 2.556, 2.561, 2.566
1497000.0, 2.556, 2.566, 2.566
1498000.0, 2.556, 2.566, 2.566
1499000.0, 2.556, 2.561, 2.566
1500000.0, 2.556, 2.566, 2.571
1501000.0, 2.556, 2.561, 2.566
1502000.0, 2.556, 2.566, 2.571
1503000.0, 2.556, 2.566, 2.566
1504000.0, 2.556, 2.566, 2.566
1505000.0, 2.556, 2.566, 2.571
1506000.0, 2.551, 2.561, 2.566
1507000.0, 2.556, 2.566, 2.571
1508000.0, 2.556, 2.566, 2.571
1509000.0, 2.556, 2.566, 2.571
1510000.0, 2.556, 2.566, 2.571
1511000.0, 2.556, 2.566, 2.571
1512000.0, 2.556, 2.566, 2.571
1513000.0, 2.556, 2.566, 2.571
1514000.0, 2.556, 2.566, 2.571
1515000.0, 2.556, 2.566, 2.571
1516000.0, 2.556, 2.566, 2.571
1517000.0, 2.556, 2.566, 2.571
1518000.0, 2.556, 2.566, 2.571
1519000.0, 2.556, 2.566, 2.571
1520000.0, 2.556, 2.566, 2.571
1521000.0, 2.556, 2.566, 2.571
1522000.0, 2.556, 2.566, 2.571
1523000.0, 2.556, 2.566, 2.571
1524000.0, 2.556, 2.566, 2.571
1525000.0, 2.556, 2.566, 2.571
1526000.0, 2.556, 2.566, 2.571
1527000.0, 2.561, 2.566, 2.571
1528000.0, 2.556, 2.566, 2.571
1529000.0, 2.556, 2.566, 2.571
1530000.0, 2.556, 2.566, 2.571
1531000.0, 2.556, 2.566, 2.571
1532000.0, 2.556, 2.566, 2.571
1533000.0, 2.556, 2.566, 2.571
1534000.0, 2.556, 2.566, 2.571
1535000.0, 2.556, 2.566, 2.571
1536000.0, 2.556, 2.566, 2.571
1537000.0, 2.556, 2.566, 2.571
1538000.0, 2.556, 2.566, 2.571
1539000.0, 2.556, 2.566, 2.571
1540000.0, 2.556, 2.566, 2.571
1541000.0, 2.556, 2.566, 2.571
1542000.0, 2.556, 2.566, 2.571
1543000.0, 2.561, 2.571, 2.571
1544000.0, 2.556, 2.566, 2.571
1545000.0, 2.561, 2.571, 2.571
1546000.0, 2.556, 2.566, 2.571
1547000.0, 2.561, 2.566, 2.571
1548000.0, 2.561, 2.571, 2.576
1549000.0, 2.556, 2.571, 2.571
1550000.0, 2.556, 2.566, 2.571
1551000.0, 2.561, 2.571, 2.576
1552000.0, 2.561, 2.571, 2.576
1553000.0, 2.556, 2.571, 2.576
1554000.0, 2.561, 2.571, 2.576
1555000.0, 2.561, 2.571, 2.576
1556000.0, 2.561, 2.571, 2.576
1557000.0, 2.561, 2.571, 2.576
1558000.0, 2.561, 2.571, 2.576
1559000.0, 2.561, 2.571, 2.576
1560000.0, 2.561, 2.571, 2.576
1561000.0, 2.561, 2.571, 2.576
1562000.0, 2.561, 2.571, 2.571
1563000.0, 2.561, 2.571, 2.576
1564000.0, 2.561, 2.571, 2.576
1565000.0, 2.561, 2.571, 2.576
1566000.0, 2.561, 2.571, 2.576
1567000.0, 2.561, 2.571, 2.576
1568000.0, 2.561, 2.571, 2.576
1569000.0, 2.561, 2.571, 2.576
1570000.0, 2.561, 2.571, 2.576
1571000.0, 2.561, 2.571, 2.576
1572000.0, 2.561, 2.571, 2.576
1573000.0, 2.561, 2.571, 2.576
1574000.0, 2.561, 2.571, 2.576
1575000.0, 2.561, 2.571, 2.576
1576000.0, 2.561, 2.571, 2.576
1577000.0, 2.561, 2.571, 2.576
1578000.0, 2.561, 2.566, 2.576
1579000.0, 2.561, 2.571, 2.576
1580000.0, 2.561, 2.571, 2.576
1581000.0, 2.561, 2.571, 2.576
1582000.0, 2.561, 2.571, 2.581
1583000.0, 2.561, 2.571, 2.581
1584000.0, 2.561, 2.571, 2.581
1585000.0, 2.561, 2.571, 2.576
1586000.0, 2.561, 2.571, 2.581
1587000.0, 2.561, 2.571, 2.576
1588000.0, 2.566, 2.571, 2.581
1589000.0, 2.561, 2.571, 2.576
1590000.0, 2.566, 2.576, 2.581
1591000.0, 2.566, 2.571, 2.576
1592000.0, 2.561, 2.571, 2.576
1593000.0, 2.566, 2.576, 2.581
1594000.0, 2.566, 2.576, 2.576
1595000.0, 2.566, 2.571, 2.581
1596000.0, 2.561, 2.571, 2.576
1597000.0, 2.566, 2.571, 2.581
1598000.0, 2.566, 2.576, 2.581
1599000.0, 2.566, 2.571, 2.576
1600000.0, 2.566, 2.571, 2.576
1601000.0, 2.566, 2.576, 2.576
1602000.0, 2.566, 2.576, 2.576
1603000.0, 2.566, 2.571, 2.576
1604000.0, 2.566, 2.571, 2.576
1605000.0, 2.566, 2.571, 2.581
1606000.0, 2.566, 2.576, 2.576
1607000.0, 2.566, 2.576, 2.576
1608000.0, 2.566, 2.571, 2.576
1609000.0, 2.566, 2.571, 2.581
1610000.0, 2.566, 2.576, 2.581
1611000.0, 2.566, 2.571, 2.576
1612000.0, 2.566, 2.576, 2.581
1613000.0, 2.566, 2.576, 2.576
1614000.0, 2.566, 2.576, 2.576
1615000.0, 2.566, 2.576, 2.581
1616000.0, 2.566, 2.576, 2.581
1617000.0, 2.566, 2.576, 2.581
1618000.0, 2.566, 2.576, 2.581
1619000.0, 2.561, 2.576, 2.581
1620000.0, 2.566, 2.576, 2.581
1621000.0, 2.566, 2.576, 2.581
1622000.0, 2.566, 2.576, 2.576
1623000.0, 2.566, 2.576, 2.581
1624000.0, 2.566, 2.571, 2.581
1625000.0, 2.566, 2.576, 2.581
1626000.0, 2.566, 2.576, 2.581
1627000.0, 2.566, 2.576, 2.581
1628000.0, 2.566, 2.571, 2.581
1629000.0, 2.566, 2.576, 2.581
1630000.0, 2.566, 2.576, 2.581
1631000.0, 2.566, 2.576, 2.581
1632000.0, 2.566, 2.576, 2.581
1633000.0, 2.566, 2.576, 2.581
1634000.0, 2.566, 2.576, 2.581
1635000.0, 2.566, 2.576, 2.581
1636000.0, 2.566, 2.576, 2.581
1637000.0, 2.566, 2.576, 2.581
1638000.0, 2.566, 2.576, 2.581
1639000.0, 2.566, 2.576, 2.581
1640000.0, 2.566, 2.576, 2.581
1641000.0, 2.566, 2.576, 2.581
1642000.0, 2.566, 2.576, 2.581
1643000.0, 2.566, 2.576, 2.581
1644000.0, 2.566, 2.576, 2.581
1645000.0, 2.566, 2.576, 2.581
1646000.0, 2.566, 2.576, 2.581
1647000.0, 2.566, 2.576, 2.576
1648000.0, 2.566, 2.576, 2.581
1649000.0, 2.566, 2.576, 2.581
1650000.0, 2.566, 2.576, 2.581
1651000.0, 2.566, 2.576, 2.581
1652000.0, 2.566, 2.576, 2.581
1653000.0, 2.566, 2.576, 2.581
1654000.0, 2.566, 2.576, 2.581
1655000.0, 2.566, 2.576, 2.576
1656000.0, 2.566, 2.576, 2.581
1657000.0, 2.566, 2.576, 2.581
1658000.0, 2.566, 2.576, 2.581
1659000.0, 2.566, 2.576, 2.581
1660000.0, 2.566, 2.576, 2.581
1661000.0, 2.566, 2.576, 2.581
1662000.0, 2.566, 2.576, 2.581
1663000.0, 2.566, 2.576, 2.581
1664000.0, 2.566, 2.576, 2.581
1665000.0, 2.566, 2.576, 2.581
1666000.0, 2.566, 2.576, 2.581
1667000.0, 2.566, 2.576, 2.581
1668000.0, 2.566, 2.576, 2.581
1669000.0, 2.566, 2.576, 2.581
1670000.0, 2.566, 2.576, 2.581
1671000.0, 2.566, 2.576, 2.581
1672000.0, 2.566, 2.576, 2.581
1673000.0, 2.566, 2.576, 2.581
1674000.0, 2.566, 2.576, 2.581
1675000.0, 2.566, 2.576, 2.581
1676000.0, 2.566, 2.576, 2.581
1677000.0, 2.566, 2.576, 2.581
1678000.0, 2.566, 2.576, 2.581
1679000.0, 2.566, 2.576, 2.581
1680000.0, 2.566, 2.576, 2.581
1681000.0, 2.566, 2.576, 2.581
1682000.0, 2.566, 2.576, 2.581
1683000.0, 2.566, 2.576, 2.581
1684000.0, 2.566, 2.576, 2.581
1685000.0, 2.566, 2.576, 2.581
1686000.0, 2.566, 2.576, 2.581
1687000.0, 2.566, 2.576, 2.581
1688000.0, 2.571, 2.581, 2.581
1689000.0, 2.566, 2.576, 2.581
1690000.0, 2.566, 2.576, 2.581
1691000.0, 2.571, 2.576, 2.581
1692000.0, 2.566, 2.576, 2.581
1693000.0, 2.566, 2.576, 2.581
1694000.0, 2.571, 2.576, 2.581
1695000.0, 2.571, 2.581, 2.581
1696000.0, 2.566, 2.576, 2.581
1697000.0, 2.566, 2.581, 2.581
1698000.0, 2.566, 2.576, 2.581
1699000.0, 2.566, 2.576, 2.581
1700000.0, 2.571, 2.576, 2.581
1701000.0, 2.571, 2.581, 2.581
1702000.0, 2.571, 2.581, 2.581
1703000.0, 2.571, 2.581, 2.581
1704000.0, 2.566, 2.576, 2.581
1705000.0, 2.571, 2.581, 2.581
1706000.0, 2.571, 2.581, 2.581
1707000.0, 2.571, 2.581, 2.581
1708000.0, 2.571, 2.576, 2.581
1709000.0, 2.571, 2.576, 2.581
1710000.0, 2.571, 2.581, 2.581
1711000.0, 2.566, 2.581, 2.581
1712000.0, 2.571, 2.576, 2.581
1713000.0, 2.571, 2.581, 2.581
1714000.0, 2.566, 2.581, 2.581
1715000.0, 2.571, 2.581, 2.586
1716000.0, 2.566, 2.576, 2.581
1717000.0, 2.571, 2.581, 2.581
1718000.0, 2.566, 2.581, 2.581
1719000.0, 2.571, 2.581, 2.581
1720000.0, 2.566, 2.581, 2.581
1721000.0, 2.566, 2.581, 2.581
1722000.0, 2.571, 2.581, 2.581
1723000.0, 2.571, 2.581, 2.581
1724000.0, 2.566, 2.581, 2.581
1725000.0, 2.566, 2.581, 2.581
1726000.0, 2.571, 2.581, 2.581
1727000.0, 2.571, 2.581, 2.586
1728000.0, 2.571, 2.581, 2.581
1729000.0, 2.571, 2.576, 2.581
1730000.0, 2.566, 2.581, 2.586
1731000.0, 2.571, 2.581, 2.586
1732000.0, 2.571, 2.581, 2.581
1733000.0, 2.571, 2.581, 2.586
1734000.0, 2.566, 2.581, 2.581
1735000.0, 2.571, 2.581, 2.586
1736000.0, 2.571, 2.581, 2.581
1737000.0, 2.566, 2.581, 2.586
1738000.0, 2.566, 2.581, 2.586
1739000.0, 2.571, 2.581, 2.586
1740000.0, 2.571, 2.581, 2.581
1741000.0, 2.571, 2.581, 2.586
1742000.0, 2.566, 2.581, 2.581
1743000.0, 2.566, 2.581, 2.586
1744000.0, 2.571, 2.581, 2.586
1745000.0, 2.571, 2.581, 2.581
1746000.0, 2.571, 2.581, 2.581
1747000.0, 2.571, 2.581, 2.586
1748000.0, 2.571, 2.581, 2.586
1749000.0, 2.571, 2.581, 2.586
1750000.0, 2.571, 2.581, 2.586
1751000.0, 2.571, 2.581, 2.586
1752000.0, 2.571, 2.581, 2.586
1753000.0, 2.571, 2.581, 2.586
1754000.0, 2.571, 2.581, 2.581
1755000.0, 2.571, 2.581, 2.581
1756000.0, 2.566, 2.581, 2.581
1757000.0, 2.571, 2.581, 2.581
1758000.0, 2.566, 2.581, 2.581
1759000.0, 2.571, 2.581, 2.586
1760000.0, 2.571, 2.581, 2.586
1761000.0, 2.571, 2.581, 2.586
1762000.0, 2.571, 2.581, 2.581
1763000.0, 2.571, 2.581, 2.586
1764000.0, 2.571, 2.581, 2.586
1765000.0, 2.571, 2.581, 2.586
1766000.0, 2.566, 2.581, 2.586
1767000.0, 2.571, 2.581, 2.586
1768000.0, 2.571, 2.581, 2.586
1769000.0, 2.571, 2.581, 2.581
1770000.0, 2.566, 2.581, 2.586
1771000.0, 2.571, 2.581, 2.586
1772000.0, 2.571, 2.581, 2.586
1773000.0, 2.566, 2.581, 2.586
1774000.0, 2.571, 2.581, 2.586
1775000.0, 2.571, 2.581, 2.586
1776000.0, 2.571, 2.581, 2.586
1777000.0, 2.571, 2.581, 2.586
1778000.0, 2.571, 2.581, 2.586
1779000.0, 2.571, 2.581, 2.586
1780000.0, 2.571, 2.581, 2.586
1781000.0, 2.571, 2.581, 2.586
1782000.0, 2.566, 2.581, 2.586
1783000.0, 2.571, 2.581, 2.586
1784000.0, 2.571, 2.581, 2.586
1785000.0, 2.571, 2.581, 2.586
1786000.0, 2.571, 2.581, 2.586
1787000.0, 2.571, 2.581, 2.586
1788000.0, 2.571, 2.581, 2.586
1789000.0, 2.571, 2.581, 2.586
1790000.0, 2.571, 2.581, 2.586
1791000.0, 2.571, 2.581, 2.586
1792000.0, 2.571, 2.581, 2.586
1793000.0, 2.571, 2.581, 2.586
1794000.0, 2.571, 2.581, 2.586
1795000.0, 2.571, 2.581, 2.586
1796000.0, 2.571, 2.581, 2.586
1797000.0, 2.571, 2.581, 2.586
1798000.0, 2.571, 2.581, 2.586
1799000.0, 2.571, 2.581, 2.586
1800000.0, 2.571, 2.581, 2.586
1801000.0, 2.571, 2.581, 2.586
1802000.0, 2.571, 2.581, 2.586
1803000.0, 2.571, 2.581, 2.586
1804000.0, 2.571, 2.581, 2.586
1805000.0, 2.571, 2.581, 2.586
1806000.0, 2.571, 2.581, 2.586
1807000.0, 2.571, 2.581, 2.586
1808000.0, 2.571, 2.581, 2.586
1809000.0, 2.571, 2.586, 2.586
1810000.0, 2.571, 2.581, 2.586
1811000.0, 2.571, 2.586, 2.590
1812000.0, 2.571, 2.586, 2.590
1813000.0, 2.571, 2.586, 2.590
1814000.0, 2.576, 2.586, 2.590
1815000.0, 2.571, 2.586, 2.590
1816000.0, 2.571, 2.581, 2.590
1817000.0, 2.571, 2.586, 2.590
1818000.0, 2.571, 2.586, 2.590
1819000.0, 2.571, 2.586, 2.586
1820000.0, 2.571, 2.581, 2.586
1821000.0, 2.571, 2.581, 2.586
1822000.0, 2.571, 2.586, 2.590
1823000.0, 2.571, 2.586, 2.586
1824000.0, 2.571, 2.581, 2.586
1825000.0, 2.571, 2.586, 2.590
1826000.0, 2.571, 2.586, 2.590
1827000.0, 2.571, 2.581, 2.586
1828000.0, 2.571, 2.586, 2.586
1829000.0, 2.571, 2.586, 2.586
1830000.0, 2.571, 2.586, 2.586
1831000.0, 2.571, 2.586, 2.590
1832000.0, 2.571, 2.586, 2.590
1833000.0, 2.571, 2.581, 2.586
1834000.0, 2.571, 2.586, 2.586
1835000.0, 2.571, 2.586, 2.590
1836000.0, 2.571, 2.586, 2.590
1837000.0, 2.571, 2.581, 2.590
1838000.0, 2.571, 2.581, 2.586
1839000.0, 2.571, 2.581, 2.586
1840000.0, 2.571, 2.581, 2.586
1841000.0, 2.571, 2.586, 2.590
1842000.0, 2.571, 2.581, 2.590
1843000.0, 2.571, 2.581, 2.590
1844000.0, 2.571, 2.586, 2.590
1845000.0, 2.571, 2.586, 2.590
1846000.0, 2.571, 2.586, 2.590
1847000.0, 2.571, 2.586, 2.590
1848000.0, 2.571, 2.586, 2.590
1849000.0, 2.576, 2.586, 2.590
1850000.0, 2.571, 2.586, 2.590
1851000.0, 2.571, 2.586, 2.590
1852000.0, 2.571, 2.586, 2.590
1853000.0, 2.571, 2.586, 2.590
1854000.0, 2.571, 2.586, 2.590
1855000.0, 2.576, 2.586, 2.590
1856000.0, 2.571, 2.586, 2.590
1857000.0, 2.571, 2.586, 2.590
1858000.0, 2.576, 2.586, 2.590
1859000.0, 2.571, 2.586, 2.590
1860000.0, 2.576, 2.586, 2.590
1861000.0, 2.571, 2.586, 2.590
1862000.0, 2.571, 2.586, 2.590
1863000.0, 2.571, 2.586, 2.590
1864000.0, 2.571, 2.586, 2.590
1865000.0, 2.571, 2.586, 2.590
1866000.0, 2.571, 2.586, 2.590
1867000.0, 2.576, 2.586, 2.590
1868000.0, 2.571, 2.586, 2.590
1869000.0, 2.576, 2.586, 2.590
1870000.0, 2.576, 2.586, 2.590
1871000.0, 2.571, 2.586, 2.590
1872000.0, 2.571, 2.581, 2.590
1873000.0, 2.571, 2.586, 2.590
1874000.0, 2.576, 2.586, 2.590
1875000.0, 2.576, 2.586, 2.590
1876000.0, 2.576, 2.586, 2.590
1877000.0, 2.576, 2.586, 2.590
1878000.0, 2.576, 2.586, 2.590
1879000.0, 2.576, 2.586, 2.590
1880000.0, 2.576, 2.586, 2.590
1881000.0, 2.576, 2.586, 2.590
1882000.0, 2.576, 2.586, 2.590
1883000.0, 2.576, 2.586, 2.590
1884000.0, 2.576, 2.586, 2.590
1885000.0, 2.576, 2.586, 2.590
1886000.0, 2.576, 2.586, 2.590
1887000.0, 2.576, 2.586, 2.590
1888000.0, 2.576, 2.586, 2.590
1889000.0, 2.576, 2.586, 2.590
1890000.0, 2.576, 2.586, 2.590
1891000.0, 2.576, 2.586, 2.590
1892000.0, 2.576, 2.586, 2.590
1893000.0, 2.576, 2.586, 2.590
1894000.0, 2.576, 2.586, 2.590
1895000.0, 2.576, 2.586, 2.590
1896000.0, 2.576, 2.586, 2.590
1897000.0, 2.576, 2.586, 2.590
1898000.0, 2.576, 2.586, 2.590
1899000.0, 2.576, 2.590, 2.590
1900000.0, 2.576, 2.590, 2.590
1901000.0, 2.576, 2.586, 2.590
1902000.0, 2.576, 2.586, 2.590
1903000.0, 2.576, 2.586, 2.590
1904000.0, 2.576, 2.586, 2.590
1905000.0, 2.576, 2.590, 2.590
1906000.0, 2.576, 2.586, 2.590
1907000.0, 2.576, 2.590, 2.590
1908000.0, 2.576, 2.586, 2.590
1909000.0, 2.576, 2.590, 2.590
1910000.0, 2.576, 2.586, 2.590
1911000.0, 2.576, 2.590, 2.590
1912000.0, 2.576, 2.590, 2.595
1913000.0, 2.576, 2.586, 2.590
1914000.0, 2.576, 2.586, 2.590
1915000.0, 2.576, 2.586, 2.595
1916000.0, 2.576, 2.586, 2.590
1917000.0, 2.576, 2.590, 2.590
1918000.0, 2.576, 2.590, 2.595
1919000.0, 2.576, 2.586, 2.590
1920000.0, 2.576, 2.586, 2.595
1921000.0, 2.576, 2.590, 2.595
1922000.0, 2.576, 2.590, 2.595
1923000.0, 2.576, 2.590, 2.590
1924000.0, 2.576, 2.590, 2.590
1925000.0, 2.576, 2.590, 2.590
1926000.0, 2.576, 2.590, 2.595
1927000.0, 2.576, 2.590, 2.595
1928000.0, 2.576, 2.590, 2.590
1929000.0, 2.576, 2.590, 2.595
1930000.0, 2.576, 2.586, 2.590
1931000.0, 2.576, 2.586, 2.590
1932000.0, 2.576, 2.586, 2.590
1933000.0, 2.576, 2.590, 2.595
1934000.0, 2.576, 2.586, 2.590
1935000.0, 2.576, 2.590, 2.590
1936000.0, 2.576, 2.590, 2.595
1937000.0, 2.576, 2.590, 2.595
1938000.0, 2.576, 2.590, 2.595
1939000.0, 2.576, 2.590, 2.595
1940000.0, 2.581, 2.590, 2.595
1941000.0, 2.576, 2.590, 2.595
1942000.0, 2.581, 2.590, 2.595
1943000.0, 2.581, 2.590, 2.595
1944000.0, 2.576, 2.590, 2.595
1945000.0, 2.576, 2.590, 2.590
1946000.0, 2.581, 2.590, 2.595
1947000.0, 2.581, 2.590, 2.595
1948000.0, 2.581, 2.590, 2.595
1949000.0, 2.581, 2.590, 2.595
1950000.0, 2.576, 2.590, 2.595
1951000.0, 2.581, 2.590, 2.595
1952000.0, 2.581, 2.590, 2.595
1953000.0, 2.576, 2.590, 2.595
1954000.0, 2.581, 2.590, 2.595
1955000.0, 2.581, 2.590, 2.595
1956000.0, 2.576, 2.590, 2.595
1957000.0, 2.581, 2.590, 2.595
1958000.0, 2.581, 2.590, 2.595
1959000.0, 2.581, 2.590, 2.595
1960000.0, 2.581, 2.590, 2.595
1961000.0, 2.581, 2.590, 2.595
1962000.0, 2.581, 2.590, 2.595
1963000.0, 2.581, 2.590, 2.595
1964000.0, 2.581, 2.590, 2.595
1965000.0, 2.581, 2.590, 2.595
1966000.0, 2.581, 2.590, 2.595
1967000.0, 2.581, 2.590, 2.595
1968000.0, 2.581, 2.590, 2.590
1969000.0, 2.581, 2.590, 2.595
1970000.0, 2.581, 2.590, 2.595
1971000.0, 2.581, 2.590, 2.595
1972000.0, 2.581, 2.590, 2.595
1973000.0, 2.581, 2.590, 2.595
1974000.0, 2.581, 2.590, 2.595
1975000.0, 2.581, 2.590, 2.595
1976000.0, 2.581, 2.590, 2.595
1977000.0, 2.581, 2.590, 2.595
1978000.0, 2.581, 2.590, 2.595
1979000.0, 2.581, 2.590, 2.595
1980000.0, 2.576, 2.590, 2.595
1981000.0, 2.581, 2.590, 2.595
1982000.0, 2.576, 2.590, 2.595
1983000.0, 2.581, 2.590, 2.595
1984000.0, 2.581, 2.590, 2.595
1985000.0, 2.581, 2.590, 2.595
1986000.0, 2.581, 2.590, 2.595
1987000.0, 2.581, 2.590, 2.595
1988000.0, 2.581, 2.590, 2.595
1989000.0, 2.581, 2.590, 2.595
1990000.0, 2.581, 2.590, 2.595
1991000.0, 2.581, 2.590, 2.595
1992000.0, 2.581, 2.590, 2.595
1993000.0, 2.581, 2.590, 2.590
1994000.0, 2.581, 2.590, 2.595
1995000.0, 2.581, 2.590, 2.595
1996000.0, 2.581, 2.590, 2.590
1997000.0, 2.576, 2.590, 2.590
1998000.0, 2.581, 2.590, 2.595
1999000.0, 2.581, 2.590, 2.590
2000000.0, 2.581, 2.590, 2.590
