6.901351758999879670e-04 2.365000000000003411e+01 2.365000000000003411e+01 2.365000000000003411e+01
6.902041894176790038e+00 2.365000000000003411e+01 2.365000000000003411e+01 2.365000000000003411e+01
1.380339365317262512e+01 2.521497023954736960e+01 2.371315100576322266e+01 2.365291125147172124e+01
2.070474541217915743e+01 2.568564509973577970e+01 2.395939090539553717e+01 2.374386311711515418e+01
2.760609717119134388e+01 2.602193727350436347e+01 2.421510772779174658e+01 2.392856406101520861e+01
3.450744893020353032e+01 2.630053939403342156e+01 2.446206948568891448e+01 2.414698831970144965e+01
4.140880068921571677e+01 2.654910803311389600e+01 2.469816793411411027e+01 2.437166654958951995e+01
4.831015244822790322e+01 2.677888404740707529e+01 2.492306654755702766e+01 2.459194626281174578e+01
5.521150420724008967e+01 2.699466630728187511e+01 2.513697921563459659e+01 2.480394220243033487e+01
6.211285596625227612e+01 2.719868410600207653e+01 2.534031712374604695e+01 2.500643933599587854e+01
6.901420772526445546e+01 2.739213142303555060e+01 2.553355333061136889e+01 2.519926552404035647e+01
7.591555948427664191e+01 2.757577617427688210e+01 2.571716997799597948e+01 2.538264681309965454e+01
8.281691124328882836e+01 2.775020261733038751e+01 2.589163812692885358e+01 2.555695250290676768e+01
8.971826300230101481e+01 2.791590822447238907e+01 2.605741049256801034e+01 2.572259476785040988e+01
9.661961476131320126e+01 2.807334279900811680e+01 2.621491925827024261e+01 2.587998954046457811e+01
1.035209665203253877e+02 2.822292464988061056e+01 2.636457586946937681e+01 2.602954165766112737e+01
1.104223182793375742e+02 2.836504763432429854e+01 2.650677157982534027e+01 2.617163959699229281e+01
1.173236700383497606e+02 2.850008454737303509e+01 2.664187826443526319e+01 2.630665398516470077e+01
1.242250217973619471e+02 2.862838903274712266e+01 2.677024930922095791e+01 2.643493757297227376e+01
1.311263735563097441e+02 2.875029687904878983e+01 2.689222050226163674e+01 2.655682576357366997e+01
1.380277253151798220e+02 2.886612704533797569e+01 2.700811089906125062e+01 2.667263733342065279e+01
1.449290770740498999e+02 2.897618255386140618e+01 2.711822365195189377e+01 2.678267520408144264e+01
1.518304288329199778e+02 2.908075130587343438e+01 2.722284680103655319e+01 2.688722721003540528e+01
1.587317805917900557e+02 2.918010684393391330e+01 2.732225402684997562e+01 2.698656684185186805e+01
1.656331323506601336e+02 2.927450907110250000e+01 2.741670536594602936e+01 2.708095395773545988e+01
1.725344841095302115e+02 2.936420493225728023e+01 2.750644789099459331e+01 2.717063546174830435e+01
1.794358358684002894e+02 2.944942906064096633e+01 2.759171635703484071e+01 2.725584594906513303e+01
1.863371876272703673e+02 2.953040439186094090e+01 2.767273381554906564e+01 2.733680831940790767e+01
1.932385393861404452e+02 2.960734274715616721e+01 2.774971219793371802e+01 2.741373436003101460e+01
2.001398911450105231e+02 2.968044538751649952e+01 2.782285286986706296e+01 2.748682529967896926e+01
2.070412429038806010e+02 2.974990354018746075e+01 2.789234715807447174e+01 2.755627233497739326e+01
2.139425946627506789e+02 2.981589889888687139e+01 2.795837685079646917e+01 2.762225713055681808e+01
2.208439464216207568e+02 2.987860409910337012e+01 2.802111467333463679e+01 2.768495229427264803e+01
2.277452981804908347e+02 2.993818316968838644e+01 2.808072473987527928e+01 2.774452182872096273e+01
2.346466499393609126e+02 2.999479196193487951e+01 2.813736298279309267e+01 2.780112156024932801e+01
2.415480016982309905e+02 3.004857855726339722e+01 2.819117756054765778e+01 2.785489954657640510e+01
2.484493534571010684e+02 3.009968365458462358e+01 2.824230924524806596e+01 2.790599646409270918e+01
2.553507052159711463e+02 3.014824093835181884e+01 2.829089179089703521e+01 2.795454597585421652e+01
2.622520569748412527e+02 3.019437742826090698e+01 2.833705228327204395e+01 2.800067508122623394e+01
2.691534087337113306e+02 3.023821381151776677e+01 2.838091147236644929e+01 2.804450444809759802e+01
2.760547604925814085e+02 3.027986475854066839e+01 2.842258408825591687e+01 2.808614872853280531e+01
2.829561122514514864e+02 3.031943922292350635e+01 2.846217914121689319e+01 2.812571685868653049e+01
2.898574640103215643e+02 3.035704072644472262e+01 2.849980020688508375e+01 2.816331234376764314e+01
2.967588157691916422e+02 3.039276762987316260e+01 2.853554569720182599e+01 2.819903352880169223e+01
3.036601675280617201e+02 3.042671339025372390e+01 2.856950911783263791e+01 2.823297385587517283e+01
3.105615192869317980e+02 3.045896680538680812e+01 2.860177931277468133e+01 2.826522210857513073e+01
3.174628710458018759e+02 3.048961224612355636e+01 2.863244069677358539e+01 2.829586264424887077e+01
3.243642228046719538e+02 3.051872987704189200e+01 2.866157347611238038e+01 2.832497561464299451e+01
3.312655745635420317e+02 3.054639586617656732e+01 2.868925385845204801e+01 2.835263717560104624e+01
3.381669263224121096e+02 3.057268258424426222e+01 2.871555425216030244e+01 2.837891968625615391e+01
3.450682780812821875e+02 3.059765879396479704e+01 2.874054345573068758e+01 2.840389189832251304e+01
3.519696298401522654e+02 3.062138982993570835e+01 2.876428683775105810e+01 2.842761913593938061e+01
3.588709815990223433e+02 3.064393776953846782e+01 2.878684650789830357e+01 2.845016346655296502e+01
3.657723333578924212e+02 3.066536159531750627e+01 2.880828147940258077e+01 2.847158386326668733e+01
3.726736851167624991e+02 3.068571734929605554e+01 2.882864782344319110e+01 2.849193635913371736e+01
3.795750368756325770e+02 3.070505827952990785e+01 2.884799881577794167e+01 2.851127419368754090e+01
3.864763886345026549e+02 3.072343497944910951e+01 2.886638507615833760e+01 2.852964795225983607e+01
3.933777403933727328e+02 3.074089552016971538e+01 2.888385470070903693e+01 2.854710569827261679e+01
4.002790921522428107e+02 3.075748557624268642e+01 2.890045338774302763e+01 2.856369309896621189e+01
4.071804439111128886e+02 3.077324854516115238e+01 2.891622455733147490e+01 2.857945354488759904e+01
4.140817956699829665e+02 3.078822566085074186e+01 2.893120946485163358e+01 2.859442826336260168e+01
4.209831474288530444e+02 3.080245610153986036e+01 2.894544730891425388e+01 2.860865642634894357e+01
4.278844991877231223e+02 3.081597709225758308e+01 2.895897533391462275e+01 2.862217525291720222e+01
4.347858509465932002e+02 3.082882400221376429e+01 2.897182892746388916e+01 2.863502010661630948e+01
4.416872027054632781e+02 3.084103043728288185e+01 2.898404171291952025e+01 2.864722458794182103e+01
4.485885544643333560e+02 3.085262832794910537e+01 2.899564563737737899e+01 2.865882062226711469e+01
4.554899062232034339e+02 3.086364801282439885e+01 2.900667105523348255e+01 2.866983854334824855e+01
4.623912579820735118e+02 3.087411831801654216e+01 2.901714680759226894e+01 2.868030717267913587e+01
4.692926097409435897e+02 3.088406663251288364e+01 2.902710029768996947e+01 2.869025389486313316e+01
4.761939614998136676e+02 3.089351897983613071e+01 2.903655756258797282e+01 2.869970472925808735e+01
4.830953132586837455e+02 3.090250008612753163e+01 2.904554334129164772e+01 2.870868439804712580e+01
4.899966650175538234e+02 3.091103344482149851e+01 2.905408113945748028e+01 2.871721639090458211e+01
4.968980167764239013e+02 3.091914137810556440e+01 2.906219329088634140e+01 2.872532302644520996e+01
5.037993685352939792e+02 3.092684509531642334e+01 2.906990101594908538e+01 2.873302551061055965e+01
5.107007202941640571e+02 3.093416474838937802e+01 2.907722447706453295e+01 2.874034399211075197e+01
5.176020720530341350e+02 3.094111948460641770e+01 2.908418283147659622e+01 2.874729761516329063e+01
5.245034238119042129e+02 3.094772749667686185e+01 2.909079428135896705e+01 2.875390456956517937e+01
5.314047755707742908e+02 3.095400607031996287e+01 2.909707612142432254e+01 2.876018213826927195e+01
5.383061273296443687e+02 3.095997162949043968e+01 2.910304478417134533e+01 2.876614674260122229e+01
5.452074790885144466e+02 3.096563977933396927e+01 2.910871588286460110e+01 2.877181398520934863e+01
5.521088308473845245e+02 3.097102534701463128e+01 2.911410425238176458e+01 2.877719869088417681e+01
5.590101826062546024e+02 3.097614242050093480e+01 2.911922398802084899e+01 2.878231494533940804e+01
5.659115343651246803e+02 3.098100438540149071e+01 2.912408848235429559e+01 2.878717613204128156e+01
5.728128861239947582e+02 3.098562395999721275e+01 2.912871046027942157e+01 2.879179496723486409e+01
5.797142378828648361e+02 3.099001322850858742e+01 2.913310201230353869e+01 2.879618353320643109e+01
5.866155896417349140e+02 3.099418367270573071e+01 2.913727462617038100e+01 2.880035330988846454e+01
5.935169414006049919e+02 3.099814620194194958e+01 2.914123921690855923e+01 2.880431520488826891e+01
6.004182931594750698e+02 3.100191118168993398e+01 2.914500615538395323e+01 2.880807958201938845e+01
6.073196449183451477e+02 3.100548846066095621e+01 2.914858529543084842e+01 2.881165628841648640e+01
6.142209966772152256e+02 3.100888739656238613e+01 2.915198599962548087e+01 2.881505468028933592e+01
6.211223484360853035e+02 3.101211688058094751e+01 2.915521716378026440e+01 2.881828364740152892e+01
6.280237001949553814e+02 3.101518536063593956e+01 2.915828724020906293e+01 2.882135163632034391e+01
6.349250519538254593e+02 3.101810086348461937e+01 2.916120425984541953e+01 2.882426667251775143e+01
6.418264037126955373e+02 3.102087101571055427e+01 2.916397585324034480e+01 2.882703638135745905e+01
6.487277554715656152e+02 3.102350306368765587e+01 2.916660927053806063e+01 2.882966800805286312e+01
6.556291072304356931e+02 3.102600389251591650e+01 2.916911140042054740e+01 2.883216843660267159e+01
6.625304589893057710e+02 3.102838004404782168e+01 2.917148878814288082e+01 2.883454420781117733e+01
6.694318107481758489e+02 3.103063773398622516e+01 2.917374765264224834e+01 2.883680153638704269e+01
6.763331625070459268e+02 3.103278286816805576e+01 2.917589390282813611e+01 2.883894632722166307e+01
6.832345142659160047e+02 3.103482105798650537e+01 2.917793315301275925e+01 2.884098419081044540e+01
6.901358660247860826e+02 3.103675763509050967e+01 2.917987073761935335e+01 2.884292045794887827e+01
6.970372177836561605e+02 3.103859766532167441e+01 2.918171172512461453e+01 2.884476019366763921e+01
7.039385695425262384e+02 3.104034596196089524e+01 2.918346093131344787e+01 2.884650821047716818e+01
7.108399213013963163e+02 3.104200709833742167e+01 2.918512293189468210e+01 2.884816908097485566e+01
7.177412730602663942e+02 3.104358541976671404e+01 2.918670207444415610e+01 2.884974714978028487e+01
7.246426248191364721e+02 3.104508505493964776e+01 2.918820248980085807e+01 2.885124654492403806e+01
7.315439765780065500e+02 3.104650992671497534e+01 2.918962810286444665e+01 2.885267118863640690e+01
7.384453283368766279e+02 3.104786376237291279e+01 2.919098264285423738e+01 2.885402480760143362e+01
7.453466800957467058e+02 3.104915010337509784e+01 2.919226965307387900e+01 2.885531094271362917e+01
7.522480318546167837e+02 3.105037231463023772e+01 2.919349250018342445e+01 2.885653295834367782e+01
7.591493836134868616e+02 3.105153359328488705e+01 2.919465438299198468e+01 2.885769405112580444e+01
7.660507353723569395e+02 3.105263697709955295e+01 2.919575834084116650e+01 2.885879725833473231e+01
7.729520871312270174e+02 3.105368535238147842e+01 2.919680726153956130e+01 2.885984546581511268e+01
7.798534388900970953e+02 3.105468146155351405e+01 2.919780388893639156e+01 2.886084141555130600e+01
7.867547906489671732e+02 3.105562791030700964e+01 2.919875083007872263e+01 2.886178771281737454e+01
7.936561424078372511e+02 3.105652717443109623e+01 2.919965056204426901e+01 2.886268683300693283e+01
8.005574941667073290e+02 3.105738160629249478e+01 2.920050543842290836e+01 2.886354112810926154e+01
8.074588459255774069e+02 3.105819344097022849e+01 2.920131769545707812e+01 2.886435283284600928e+01
8.143601976844474848e+02 3.105896480212555844e+01 2.920208945791233646e+01 2.886512407053822926e+01
8.212615494433175627e+02 3.105969770753887360e+01 2.920282274461908401e+01 2.886585685864417883e+01
8.281629012021876406e+02 3.106039407439277511e+01 2.920351947375672808e+01 2.886655311403842461e+01
8.350642529610577185e+02 3.106105572430453776e+01 2.920418146789177172e+01 2.886721465804743048e+01
8.419656047199277964e+02 3.106168438806275844e+01 2.920481045871161996e+01 2.886784322118296586e+01
8.488669564787978743e+02 3.106228171017102113e+01 2.920540809157597550e+01 2.886844044768429285e+01
8.557683082376679522e+02 3.106284925314770362e+01 2.920597592981624757e+01 2.886900789982126980e+01
8.626696599965380301e+02 3.106338850161989740e+01 2.920651545883248446e+01 2.886954706198218901e+01
8.695710117554081080e+02 3.106390086618375790e+01 2.920702808995355326e+01 2.887005934453765121e+01
8.764723635142781859e+02 3.106438768712149567e+01 2.920751516415901960e+01 2.887054608755533991e+01
8.833737152731482638e+02 3.106485023788889066e+01 2.920797795556819665e+01 2.887100856428810403e+01
8.902750670320183417e+02 3.106528972847877412e+01 2.920841767480231965e+01 2.887144798453346084e+01
8.971764187908884196e+02 3.106570730853252371e+01 2.920883547210161169e+01 2.887186549774992272e+01
9.040777705497584975e+02 3.106610407038391486e+01 2.920923244036856659e+01 2.887226219609624422e+01
9.109791223086285754e+02 3.106648105191561626e+01 2.920960961802450129e+01 2.887263911728888388e+01
9.178804740674986533e+02 3.106683923926118496e+01 2.920996799171678049e+01 2.887299724730377193e+01
9.247818258263687312e+02 3.106717956939462510e+01 2.921030849890615855e+01 2.887333752296405009e+01
9.316831775852388091e+02 3.106750293258210149e+01 2.921063203032338151e+01 2.887366083439491149e+01
9.385845293441088870e+02 3.106781017469421613e+01 2.921093943227765521e+01 2.887396802732996548e+01
9.454858811029789649e+02 3.106810209943722612e+01 2.921123150889422959e+01 2.887425990534779885e+01
9.523872328618490428e+02 3.106837947045005421e+01 2.921150902420879447e+01 2.887453723196517785e+01
9.592885846207191207e+02 3.106864301329517275e+01 2.921177270416245619e+01 2.887480073262770475e+01
9.661899363795891986e+02 3.106889341736899723e+01 2.921202323850866378e+01 2.887505109662220093e+01
9.730912881384592765e+02 3.106913133769353408e+01 2.921226128261071153e+01 2.887528897886551249e+01
9.799926398973293544e+02 3.106935739664675111e+01 2.921248745917120004e+01 2.887551500163658602e+01
9.868939916561994323e+02 3.106957218557869282e+01 2.921270235984655983e+01 2.887572975618934379e+01
9.937953434150695102e+02 3.106977626633749878e+01 2.921290654677858356e+01 2.887593380428427281e+01
1.000696695173939588e+03 3.106997017277308260e+01 2.921310055409344386e+01 2.887612767968255412e+01
1.007598046932809666e+03 3.107015441212013229e+01 2.921328488929123068e+01 2.887631188954100026e+01
1.014499398691679744e+03 3.107032946632307358e+01 2.921346003456523022e+01 2.887648691572479720e+01
1.021400750450549822e+03 3.107049579330799816e+01 2.921362644808181130e+01 2.887665321608733393e+01
1.028302102210128623e+03 2.976822979982995321e+01 2.920835128622735510e+01 2.887680854029940747e+01
1.035203453970135570e+03 2.918290085024699465e+01 2.899773097490015061e+01 2.883096429074009848e+01
1.042104805730142516e+03 2.881189169892769542e+01 2.874089203109542723e+01 2.867171759151869992e+01
1.049006157490149462e+03 2.851712751766882548e+01 2.849046107074815382e+01 2.846107773960881104e+01
1.055907509250156409e+03 2.825964745574594872e+01 2.825046580750932890e+01 2.823698837639841486e+01
1.062808861010163355e+03 2.802395382486912467e+01 2.802163667338396635e+01 2.801455944726660618e+01
1.069710212770170301e+03 2.780355995701086158e+01 2.780389931435991002e+01 2.779944686550527422e+01
1.076611564530177247e+03 2.759556142645868704e+01 2.759689165705276537e+01 2.759356226930378853e+01
1.083512916290184194e+03 2.739849086371367548e+01 2.740015448099154582e+01 2.739734846178873795e+01
1.090414268050191140e+03 2.721146657469540742e+01 2.721320578184941041e+01 2.721068139858948598e+01
1.097315619810198086e+03 2.703385409440414833e+01 2.703556946910475745e+01 2.703322715495244211e+01
1.104216971570205033e+03 2.686513120957147294e+01 2.686678600229578251e+01 2.686458275945875585e+01
1.111118323330211979e+03 2.670483371693677555e+01 2.670641590133982390e+01 2.670433134300986922e+01
1.118019675090218925e+03 2.655253323770267571e+01 2.655404046592309442e+01 2.655206333931101881e+01
1.124921026850225871e+03 2.640782777945491944e+01 2.640926142151113254e+01 2.640738425440082437e+01
1.131822378610232818e+03 2.627033738576562882e+01 2.627170017151462389e+01 2.626991714114154775e+01
1.138723730370239764e+03 2.613970183390586044e+01 2.614099692352891680e+01 2.613930300386869021e+01
1.145625082130246710e+03 2.601557917363942352e+01 2.601680979441971431e+01 2.601520041087997015e+01
1.152526433890253657e+03 2.589764462690413893e+01 2.589881393433040557e+01 2.589728482004915122e+01
1.159427785650260603e+03 2.578558965661824232e+01 2.578670068420183270e+01 2.578524781663503518e+01
1.166329137410267549e+03 2.567912112720335926e+01 2.568017677123816611e+01 2.567879634091502794e+01
1.173230489170274495e+03 2.557796052494285277e+01 2.557896354288783414e+01 2.557765193522652680e+01
1.180131840930281442e+03 2.548184322433098714e+01 2.548279623837868257e+01 2.548155002097155375e+01
1.187033192690288388e+03 2.539051779382850782e+01 2.539142329631823713e+01 2.539023920865980699e+01
1.193934544450295334e+03 2.530374533734533316e+01 2.530460569670873383e+01 2.530348064115486295e+01
1.200835896210302280e+03 2.522129886900290785e+01 2.522211633573277823e+01 2.522104736919249035e+01
1.207737247970309227e+03 2.514296271924581561e+01 2.514373943169238146e+01 2.514272375785009217e+01
1.214638599730316173e+03 2.506853197061553828e+01 2.506926996054477286e+01 2.506830492251265241e+01
1.221539951490323119e+03 2.499781192170996746e+01 2.499851311960350131e+01 2.499759619295934954e+01
1.228441303250330066e+03 2.493061757784539623e+01 2.493128381794605275e+01 2.493041260412337579e+01
1.235342655010337012e+03 2.486677316713854680e+01 2.486740619224445936e+01 2.486657841225780885e+01
1.242244006770343958e+03 2.480611168070987560e+01 2.480671314673429606e+01 2.480592663521571239e+01
1.249145358530350904e+03 2.474847443580449635e+01 2.474904591610618354e+01 2.474829861564114708e+01
1.256046710290357851e+03 2.469371066069925291e+01 2.469425365019787932e+01 2.469354360594337550e+01
1.262948062050364797e+03 2.464167710030426406e+01 2.464219301939192519e+01 2.464151837396190103e+01
1.269849413810371743e+03 2.459223764142581103e+01 2.459272783968077647e+01 2.459208682828847259e+01
1.276750765570378690e+03 2.454526295670927993e+01 2.454572871642824339e+01 2.454511966226914410e+01
1.283652117330385636e+03 2.450063016633788493e+01 2.450107270588921438e+01 2.450049401575506636e+01
1.290553469090392582e+03 2.445822251659348012e+01 2.445864299360482619e+01 2.445809315371514003e+01
1.297454820850399528e+03 2.441792907444357752e+01 2.441832858882918345e+01 2.441780616087288536e+01
1.304356172610406475e+03 2.437964443735103259e+01 2.438002403418983022e+01 2.437952765156165924e+01
1.311257524370413421e+03 2.434326845756260127e+01 2.434362912983181104e+01 2.434315749405789120e+01
1.318158876130420367e+03 2.430870598013092376e+01 2.430904867130334424e+01 2.430860054864416497e+01
1.325060227890427313e+03 2.427586659399673863e+01 2.427619220050928561e+01 2.427576641873264407e+01
1.331961579650434260e+03 2.424466439548945118e+01 2.424497376908703927e+01 2.424456921440230417e+01
1.338862931410441206e+03 2.421501776362191549e+01 2.421531171358719803e+01 2.421492732772998124e+01
1.345764283170448152e+03 2.418684914655426610e+01 2.418712844182238086e+01 2.418676321928876405e+01
1.352665634930455099e+03 2.416008485876864142e+01 2.416035022994128667e+01 2.416000321535460671e+01
1.359566986690462045e+03 2.413465488827245053e+01 2.413490702952645961e+01 2.413457731514114357e+01
1.366468338450468991e+03 2.411049271350003664e+01 2.411073228440511684e+01 2.411041900772983126e+01
1.373369690210475937e+03 2.408753512925250106e+01 2.408776275649557874e+01 2.408746509803893332e+01
1.380271041970482884e+03 2.406572208141648161e+01 2.406593836044191903e+01 2.406565554156634335e+01
1.387172393730489830e+03 2.404499650981000514e+01 2.404520200637620064e+01 2.404493328726380241e+01
1.394073745490496776e+03 2.402530419897868796e+01 2.402549945063856285e+01 2.402524412835401790e+01
1.400975097250503723e+03 2.400659363633297971e+01 2.400677915384017069e+01 2.400653656049297524e+01
1.407876449010510669e+03 2.398881587740453369e+01 2.398899214604909957e+01 2.398876164704563507e+01
1.414777800770517615e+03 2.397192441784420680e+01 2.397209189872256729e+01 2.397187289110678421e+01
1.421679152530524561e+03 2.395587507173178210e+01 2.395603420295304886e+01 2.395582611382877758e+01
1.428580504290531508e+03 2.394062585600374859e+01 2.394077705383455168e+01 2.394057933886710998e+01
1.435481856050538454e+03 2.392613688065836186e+01 2.392628054061344756e+01 2.392609268260548561e+01
1.442383207810545400e+03 2.391237024437378977e+01 2.391250674224920658e+01 2.391232824978754934e+01
1.449284559570552346e+03 2.389928993536472035e+01 2.389941962822143751e+01 2.389925003439327611e+01
1.456185911330559293e+03 2.388686173720532224e+01 2.388698496430333762e+01 2.388682382547250427e+01
1.463087263090566239e+03 2.387505313931330875e+01 2.387517022299914515e+01 2.387501711764684842e+01
1.469988614850573185e+03 2.386383325189365223e+01 2.386394449844374321e+01 2.386379902606540782e+01
1.476889966610580132e+03 2.385317272513731268e+01 2.385327842555841471e+01 2.385314020561679627e+01
1.483791318370587078e+03 2.384304367245238154e+01 2.384314410324316214e+01 2.384301277417296205e+01
1.490692670130594024e+03 2.383341959753346373e+01 2.383351502140817502e+01 2.383339023966902914e+01
1.497594021890600970e+03 2.382427532502151735e+01 2.382436599159689194e+01 2.382424743077552876e+01
1.504495373650607917e+03 2.381558693465888155e+01 2.381567308110675185e+01 2.381556043106348852e+01
1.511396725410614863e+03 2.380733169871740529e+01 2.380741355038719576e+01 2.380730651644284990e+01
1.518298077170621809e+03 2.379948802253687745e+01 2.379956579354171708e+01 2.379946409570942478e+01
1.525199428930628756e+03 2.379203538805938933e+01 2.379210928183778151e+01 2.379201265408937616e+01
1.532100780690635702e+03 2.378495430014436351e+01 2.378502450999309303e+01 2.378493269956231870e+01
1.539002132450642648e+03 2.377822623556448889e+01 2.377829294514435787e+01 2.377820571186651932e+01
1.545903484210649594e+03 2.377183359455477785e+01 2.377189697836854521e+01 2.377181409405341128e+01
1.552804835970656541e+03 2.376575965477752561e+01 2.376581987863067980e+01 2.376574112646176218e+01
1.559706187730663487e+03 2.375998852757868463e+01 2.376004574900764510e+01 2.375997092298052848e+01
1.566607539490670433e+03 2.375450511641645335e+01 2.375455948510585813e+01 2.375448838948477714e+01
1.573508891250677380e+03 2.374929507737545009e+01 2.374934673554730580e+01 2.374927918435508900e+01
1.580410243010684326e+03 2.374434478166068629e+01 2.374439386444498723e+01 2.374432968097698904e+01
1.587311594770691272e+03 2.373964127992826434e+01 2.373968791572042392e+01 2.373962693208000019e+01
1.594212946530698218e+03 2.373517226841676120e+01 2.373521657920935013e+01 2.373515863587198282e+01
1.601114298290705165e+03 2.373092605675861932e+01 2.373096815846366781e+01 2.373091310385592578e+01
1.608015650050712111e+03 2.372689153740361689e+01 2.372693154015433947e+01 2.372687923025983991e+01
1.614917001810719057e+03 2.372305815655874994e+01 2.372309616499711638e+01 2.372304646298010766e+01
1.621818353570726003e+03 2.371941588658722821e+01 2.371945200013755084e+01 2.371940477598508323e+01
1.628719705330732950e+03 2.371595519977057620e+01 2.371598951290150126e+01 2.371594464308071792e+01
1.635621057090739896e+03 2.371266704339171838e+01 2.371269964586360857e+01 2.371265701299915918e+01
1.642522408850746842e+03 2.370954281605196456e+01 2.370957379314654645e+01 2.370953328571846441e+01
1.649423760610753789e+03 2.370657434516664352e+01 2.370660377791762130e+01 2.370656528996187262e+01
1.656325112370760735e+03 2.370375386559140907e+01 2.370378183098995351e+01 2.370374526182882846e+01
1.663226464130767681e+03 2.370107399930833481e+01 2.370110057050857222e+01 2.370106582448119070e+01
1.670127815890774627e+03 2.369852773612262808e+01 2.369855298263172472e+01 2.369851996884642631e+01
1.677029167650781574e+03 2.369610841533875600e+01 2.369613240319858960e+01 2.369610103529521439e+01
1.683930519410788520e+03 2.369380970831889499e+01 2.369383250027948407e+01 2.369380269620336321e+01
1.690831871170795466e+03 2.369162560194365597e+01 2.369164725762391299e+01 2.369161893941247854e+01
1.697733222930802413e+03 2.368955038286071613e+01 2.368957095891033759e+01 2.368954405248632611e+01
1.704634574690809359e+03 2.368757862256859426e+01 2.368759817281215874e+01 2.368757260779062790e+01
1.711535926450816305e+03 2.368570516318254704e+01 2.368572373876043002e+01 2.368569944826816709e+01
1.718437278210823251e+03 2.368392510398081185e+01 2.368394275348441624e+01 2.368391967397963072e+01
1.725338629970830198e+03 2.368223378854764860e+01 2.368225055814576763e+01 2.368222862925603067e+01
1.732239981730837144e+03 2.368062679261402081e+01 2.368064272617414190e+01 2.368062189053603106e+01
1.739141333490844090e+03 2.367909991248995993e+01 2.367911505169263364e+01 2.367909525480172306e+01
1.746042685250851036e+03 2.367764915404467274e+01 2.367766353849179950e+01 2.367764472856271141e+01
1.752944037010857983e+03 2.367627072227816143e+01 2.367628438959616233e+01 2.367626651742614285e+01
1.759845388770864929e+03 2.367496101139164466e+01 2.367497399733531438e+01 2.367495701616962833e+01
1.766746740530871875e+03 2.367371659534961736e+01 2.367372893388642296e+01 2.367371279930699757e+01
1.773648092290878822e+03 2.367253421890779919e+01 2.367254594231354758e+01 2.367253061211482645e+01
1.780549444050885768e+03 2.367141078912788998e+01 2.367142192807119727e+01 2.367140736214906838e+01
1.787450795810892714e+03 2.367034336725612320e+01 2.367035395087356164e+01 2.367034011112747294e+01
1.794352147570899660e+03 2.366932916105412232e+01 2.366933921703082433e+01 2.366932606725771393e+01
1.801253499330906607e+03 2.366836551748224338e+01 2.366837507212613900e+01 2.366836257792493825e+01
1.808154851090913553e+03 2.366744991578246982e+01 2.366745899408476816e+01 2.366744712277505869e+01
1.815056202850920499e+03 2.366657996084165916e+01 2.366658858655046060e+01 2.366657730707817109e+01
1.821957554610927446e+03 2.366575337697884152e+01 2.366576157265870961e+01 2.366575085551687607e+01
1.828858906370934392e+03 2.366496800195250216e+01 2.366497578904096599e+01 2.366496560619668799e+01
1.835760258130941338e+03 2.366422178131733745e+01 2.366422918018582777e+01 2.366421950500046023e+01
1.842661609890948284e+03 2.366351276306329510e+01 2.366351979306500652e+01 2.366351060023089303e+01
1.849562961650955231e+03 2.366283909248528516e+01 2.366284577201076900e+01 2.366283703747967593e+01
1.856464313410962177e+03 2.366219900733773329e+01 2.366220535385866697e+01 2.366219705478351898e+01
1.863365665170969123e+03 2.366159083325220536e+01 2.366159686337249468e+01 2.366158897804081107e+01
1.870267016930976069e+03 2.366101297931334102e+01 2.366101870880515889e+01 2.366101121659261253e+01
1.877168368690983016e+03 2.366046393392696245e+01 2.366046937777929315e+01 2.366046225908542056e+01
1.884069720450989962e+03 2.365994226086775143e+01 2.365994743331958716e+01 2.365994066952441699e+01
1.890971072210996908e+03 2.365944659550081042e+01 2.365945151008412495e+01 2.365944508349281250e+01
1.897872423971003855e+03 2.365897564123929442e+01 2.365898031080843111e+01 2.365897420461163847e+01
1.904773775731010801e+03 2.365852816610856735e+01 2.365853260288008642e+01 2.365852680110288020e+01
1.911675127491017747e+03 2.365810299957695406e+01 2.365810721515578052e+01 2.365810170262267320e+01
1.918576479251024693e+03 2.365769902946016146e+01 2.365770303487335013e+01 2.365769779716555377e+01
1.925477831011031640e+03 2.365731519904198876e+01 2.365731900476765759e+01 2.365731402818215656e+01
1.932379182771038586e+03 2.365695050424835699e+01 2.365695412024223288e+01 2.365694939176103162e+01
1.939280534531045532e+03 2.365660399109327727e+01 2.365660742681285456e+01 2.365660293406841674e+01
1.946181886291052479e+03 2.365627475313920058e+01 2.365627801757324278e+01 2.365627374881148626e+01
1.953083238051059425e+03 2.365596192913727691e+01 2.365596503082434765e+01 2.365596097488008809e+01
1.959984589811066371e+03 2.365566470079056671e+01 2.365566764784557563e+01 2.365566379410699938e+01
1.966885941571073317e+03 2.365538229057938224e+01 2.365538509071126327e+01 2.365538142909798580e+01
1.973787293331080264e+03 2.365511395975994446e+01 2.365511662029240370e+01 2.365511314122721842e+01
1.980688645091087210e+03 2.365485900641505168e+01 2.365486153430845206e+01 2.365485822868987498e+01
1.987589996851094156e+03 2.365461676361667287e+01 2.365461916548366617e+01 2.365461602466450586e+01
1.994491348611101103e+03 2.365438659768898333e+01 2.365438887981298421e+01 2.365438589557675186e+01
