5.751126465833233600e-04 2.365000000000003411e+01 2.365000000000003411e+01 2.365000000000003411e+01
5.751701578478854771e+00 2.365000000000003411e+01 2.365000000000003411e+01 2.365000000000003411e+01
1.150282804431050110e+01 2.478911817717767008e+01 2.366096796517234679e+01 2.365003448116328855e+01
1.725395451014214743e+01 2.525235083654274604e+01 2.384693580372641009e+01 2.369571588154542496e+01
2.300508097597379376e+01 2.555960076123392355e+01 2.406424569890754128e+01 2.383552060194330124e+01
2.875620744180544008e+01 2.580811224573579921e+01 2.427740400883976690e+01 2.401695315394317731e+01
3.450733390765257269e+01 2.602809410068181251e+01 2.448331156453969015e+01 2.421008124285737040e+01
4.025846037351974616e+01 2.623163849546813253e+01 2.468127599889015755e+01 2.440286708426799578e+01
4.600958683938691962e+01 2.642378667473207088e+01 2.487123988452248113e+01 2.459069644213440142e+01
5.176071330525409309e+01 2.660675636630361396e+01 2.505338173121680256e+01 2.477192419989091832e+01
5.751183977112126655e+01 2.678162751145680431e+01 2.522796577076974245e+01 2.494608490755769026e+01
6.326296623698844002e+01 2.694901683463092468e+01 2.539528247656744497e+01 2.511317701796127722e+01
6.901409270285560638e+01 2.710934804125236042e+01 2.555562511126697700e+01 2.527337686809812567e+01
7.476521916872277984e+01 2.726296023400357171e+01 2.570928066634030529e+01 2.542692457618232993e+01
8.051634563458995331e+01 2.741015159373517918e+01 2.585652654556656671e+01 2.557407870180691134e+01
8.626747210045712677e+01 2.755119714959778321e+01 2.599762953357475226e+01 2.571509840252866752e+01
9.201859856632430024e+01 2.768635617103421964e+01 2.613284566621820204e+01 2.585023657831368382e+01
9.776972503219147370e+01 2.781587539609472515e+01 2.626242044993051650e+01 2.597973739997416942e+01
1.035208514980586472e+02 2.793999058273925584e+01 2.638658920936984487e+01 2.610383558014478922e+01
1.092719779639258206e+02 2.805892737838985340e+01 2.650557747555120613e+01 2.622275633053675392e+01
1.150231044297929941e+02 2.817290190636657599e+01 2.661960137978871899e+01 2.633671558337283614e+01
1.207742308956601676e+02 2.828212122908803394e+01 2.672886803998619598e+01 2.644592030853635833e+01
1.265253573615273410e+02 2.838678375246126961e+01 2.683357593435374611e+01 2.655056885949773005e+01
1.322764838272888426e+02 2.848707959757240360e+01 2.693391526091738797e+01 2.665085132159339310e+01
1.380276102930139075e+02 2.858319095056833703e+01 2.703006828261726469e+01 2.674694985251232993e+01
1.437787367587389724e+02 2.867529239539317132e+01 2.712220965821086338e+01 2.683903901124779168e+01
1.495298632244640373e+02 2.876355123164017868e+01 2.721050675947373065e+01 2.692728607441199529e+01
1.552809896901891022e+02 2.884812777873804635e+01 2.729511997520160094e+01 2.701185133978242447e+01
1.610321161559141672e+02 2.892917566727925305e+01 2.737620300253837513e+01 2.709288841735298092e+01
1.667832426216392321e+02 2.900684211813285174e+01 2.745390312615904804e+01 2.717054450831176382e+01
1.725343690873642970e+02 2.908126820988394456e+01 2.752836148580519193e+01 2.724496067240892216e+01
1.782854955530893619e+02 2.915258913510513139e+01 2.759971333265917792e+01 2.731627208417654629e+01
1.840366220188144268e+02 2.922093444593394906e+01 2.766808827502586610e+01 2.738460827846904522e+01
1.897877484845394918e+02 2.928642828940076015e+01 2.773361051375917441e+01 2.745009338575562197e+01
1.955388749502645567e+02 2.934918963293705474e+01 2.779639906786957226e+01 2.751284635759822095e+01
2.012900014159896216e+02 2.940933248047736015e+01 2.785656799071858813e+01 2.757298118272422016e+01
2.070411278817146865e+02 2.946696607954390856e+01 2.791422657719368772e+01 2.763060709408381399e+01
2.127922543474397514e+02 2.952219511969303767e+01 2.796947956223954179e+01 2.768582876726804898e+01
2.185433808131648163e+02 2.957511992267598089e+01 2.802242731110294471e+01 2.773874651064710406e+01
2.242945072788898813e+02 2.962583662466948908e+01 2.807316600164074316e+01 2.778945644757362743e+01
2.300456337446149462e+02 2.967443735091029566e+01 2.812178779903126724e+01 2.783805069099634011e+01
2.357967602103400111e+02 2.972101038303821952e+01 2.816838102318962456e+01 2.788461751077869621e+01
2.415478866760650760e+02 2.976564031944076305e+01 2.821303030918079457e+01 2.792924149402375633e+01
2.472990131417901409e+02 2.980840822894884923e+01 2.825581676098448725e+01 2.797200369874929038e+01
2.530501396075152059e+02 2.984939179807378196e+01 2.829681809879315324e+01 2.801298180110336489e+01
2.588012660732402992e+02 2.988866547213166314e+01 2.833610880019853084e+01 2.805225023647216176e+01
2.645523925389653641e+02 2.992630059047507984e+01 2.837376023548387138e+01 2.808988033469245238e+01
2.703035190046904290e+02 2.996236551606477860e+01 2.840984079724807998e+01 2.812594044960599149e+01
2.760546454704154939e+02 2.999692575966759023e+01 2.844441602466162067e+01 2.816049608324107112e+01
2.818057719361405589e+02 3.003004409883669723e+01 2.847754872249441860e+01 2.819361000477715606e+01
2.875568984018656238e+02 3.006178069195533453e+01 2.850929907521202722e+01 2.822534236457289580e+01
2.933080248675906887e+02 3.009219318751536321e+01 2.853972475630030203e+01 2.825575080343054424e+01
2.990591513333157536e+02 3.012133682881307095e+01 2.856888103300644843e+01 2.828489055727760615e+01
3.048102777990408185e+02 3.014926455433783303e+01 2.859682086677196367e+01 2.831281455754157150e+01
3.105614042647658835e+02 3.017602709388080484e+01 2.862359500938174506e+01 2.833957352724735301e+01
3.163125307304909484e+02 3.020167306072335123e+01 2.864925209519401506e+01 2.836521607319156146e+01
3.220636571962160133e+02 3.022624903994073975e+01 2.867383872948153112e+01 2.838978877423556924e+01
3.278147836619410782e+02 3.024979967298349948e+01 2.869739957304886957e+01 2.841333626587527306e+01
3.335659101276661431e+02 3.027236773881105591e+01 2.871997742340295190e+01 2.843590132136364446e+01
3.393170365933912080e+02 3.029399423159225080e+01 2.874161329248596530e+01 2.845752492940135880e+01
3.450681630591162730e+02 3.031471843513349995e+01 2.876234648113569392e+01 2.847824636855506242e+01
3.508192895248413379e+02 3.033457799427401369e+01 2.878221465051245787e+01 2.849810327864219062e+01
3.565704159905664028e+02 3.035360898326280221e+01 2.880125389050596141e+01 2.851713172910018557e+01
3.623215424562914677e+02 3.037184597127435381e+01 2.881949878527814235e+01 2.853536628449205637e+01
3.680726689220165326e+02 3.038932208519332789e+01 2.883698247607588883e+01 2.855284006728402346e+01
3.738237953877415976e+02 3.040606906981116708e+01 2.885373672145391311e+01 2.856958481803286531e+01
3.795749218534666625e+02 3.042211734548328650e+01 2.886979195495655404e+01 2.858563095303622958e+01
3.853260483191917274e+02 3.043749606338900549e+01 2.888517734040220830e+01 2.860100761958511839e+01
3.910771747849167923e+02 3.045223315845612433e+01 2.889992082482939395e+01 2.861574274888101854e+01
3.968283012506418572e+02 3.046635540013642185e+01 2.891404918929600854e+01 2.862986310680491897e+01
4.025794277163669221e+02 3.047988844102212624e+01 2.892758809751654780e+01 2.864339434252741512e+01
4.083305541820919871e+02 3.049285686344256874e+01 2.894056214247780190e+01 2.865636103509876875e+01
4.140816806478170520e+02 3.050528422412492091e+01 2.895299489112039737e+01 2.866878673810367673e+01
4.198328071135421169e+02 3.051719309695641869e+01 2.896490892711847209e+01 2.868069402241849275e+01
4.255839335792671818e+02 3.052860511401331678e+01 2.897632589192693331e+01 2.869210451723415645e+01
4.313350600449922467e+02 3.053954100485191248e+01 2.898726652408959126e+01 2.870303894934170330e+01
4.370861865107173116e+02 3.055002063416219471e+01 2.899775069690878126e+01 2.871351718078125259e+01
4.428373129764423766e+02 3.056006303784891998e+01 2.900779745454269687e+01 2.872355824491859266e+01
4.485884394421674415e+02 3.056968645761634207e+01 2.901742504660393251e+01 2.873318038102428318e+01
4.543395659078925064e+02 3.057890837409973983e+01 2.902665096130738220e+01 2.874240106740251122e+01
4.600906923736175713e+02 3.058774553859933576e+01 2.903549195721518572e+01 2.875123705311881395e+01
4.658418188393426362e+02 3.059621400353654508e+01 2.904396409370843912e+01 2.875970438845297394e+01
4.715929453050677012e+02 3.060432915159975664e+01 2.905208276014514013e+01 2.876781845404218529e+01
4.773440717707927661e+02 3.061210572369202509e+01 2.905986270381885106e+01 2.877559398882254982e+01
4.830951982365178310e+02 3.061955784570437800e+01 2.906731805674547786e+01 2.878304511680153155e+01
4.888463247022428959e+02 3.062669905417260452e+01 2.907446236132932427e+01 2.879018537270860634e+01
4.945974511679679608e+02 3.063354232086925322e+01 2.908130859496719722e+01 2.879702772658663434e+01
5.003485776336930257e+02 3.064010007636704813e+01 2.908786919362120216e+01 2.880358460734993287e+01
5.060997040994180907e+02 3.064638423262118749e+01 2.909415607441070506e+01 2.880986792536458552e+01
5.118508305651431556e+02 3.065240620459468346e+01 2.910018065724801772e+01 2.881588909407122401e+01
5.176019570314218754e+02 3.065817693099870667e+01 2.910595388558670038e+01 2.882165905072190526e+01
5.233530834977153745e+02 3.066370689416930873e+01 2.911148624630749282e+01 2.882718827625438962e+01
5.291042099640088736e+02 3.066900613910320317e+01 2.911678778876222395e+01 2.883248681432564808e+01
5.348553364303023727e+02 3.067408429170734507e+01 2.912186814303117899e+01 2.883756428955837237e+01
5.406064628965958718e+02 3.067895057627674760e+01 2.912673653740876034e+01 2.884242992501725666e+01
5.463575893628893709e+02 3.068361383226346106e+01 2.913140181517962901e+01 2.884709255897547564e+01
5.521087158291828700e+02 3.068808253031971844e+01 2.913587245066787546e+01 2.885156066095527194e+01
5.578598422954763691e+02 3.069236478768641518e+01 2.914015656463391224e+01 2.885584234711427598e+01
5.636109687617698683e+02 3.069646838294704594e+01 2.914426193903392459e+01 2.885994539499915845e+01
5.693620952280633674e+02 3.070040077014954250e+01 2.914819603114733582e+01 2.886387725766309131e+01
5.751132216943568665e+02 3.070416909234648983e+01 2.915196598712435616e+01 2.886764507720619122e+01
5.808643481606503656e+02 3.070778019457208075e+01 2.915557865496589329e+01 2.887125569774940459e+01
5.866154746269438647e+02 3.071124063627780743e+01 2.915904059696782724e+01 2.887471567786894866e+01
5.923666010932373638e+02 3.071455670324070297e+01 2.916235810163243514e+01 2.887803130250387085e+01
5.981177275595308629e+02 3.071773441899568979e+01 2.916553719510602605e+01 2.888120859438532761e+01
6.038688540258243620e+02 3.072077955575730357e+01 2.916858365210583770e+01 2.888425332495819475e+01
6.096199804921178611e+02 3.072369764491458000e+01 2.917150300641890226e+01 2.888717102487345301e+01
6.153711069584113602e+02 3.072649398708273338e+01 2.917430056095861346e+01 2.888996699403952562e+01
6.211222334247048593e+02 3.072917366171907361e+01 2.917698139738496366e+01 2.889264631123592153e+01
6.268733598909983584e+02 3.073174153637290829e+01 2.917955038535700396e+01 2.889521384336251231e+01
6.326244863572918575e+02 3.073420227549979700e+01 2.918201219135244173e+01 2.889767425425327474e+01
6.383756128235853566e+02 3.073656034895236644e+01 2.918437128716283269e+01 2.890003201316409331e+01
6.441267392898788557e+02 3.073882004009954017e+01 2.918663195801343591e+01 2.890229140289244469e+01
6.498778657561723548e+02 3.074098545358720003e+01 2.918879831032950278e+01 2.890445652753720651e+01
6.556289922224658540e+02 3.074306052282486235e+01 2.919087427922647748e+01 2.890653131998254821e+01
6.613801186887593531e+02 3.074504901711094362e+01 2.919286363563674058e+01 2.890851954902490206e+01
6.671312451550528522e+02 3.074695454847346809e+01 2.919476999315429566e+01 2.891042482620980536e+01
6.728823716213463513e+02 3.074878057825117139e+01 2.919659681461848777e+01 2.891225061241453886e+01
6.786334980876398504e+02 3.075053042336770659e+01 2.919834741839156322e+01 2.891400022412034332e+01
6.843846245539333495e+02 3.075220726236335622e+01 2.920002498439123428e+01 2.891567683944373357e+01
6.901357510202268486e+02 3.075381414115508960e+01 2.920163255985562500e+01 2.891728350389513480e+01
6.958868774865203477e+02 3.075535397858743636e+01 2.920317306489403109e+01 2.891882313592952869e+01
7.016380039528138468e+02 3.075682957172790566e+01 2.920464929778682972e+01 2.892029853224170211e+01
7.073891304191073459e+02 3.075824360094219401e+01 2.920606394006262008e+01 2.892171237283918117e+01
7.131402568854008450e+02 3.075959863476612099e+01 2.920741956136970430e+01 2.892306722591621337e+01
7.188913833516943441e+02 3.076089713457974995e+01 2.920871862415600617e+01 2.892436555252362496e+01
7.246425098179878432e+02 3.076214145905657915e+01 2.920996348811758025e+01 2.892560971102085432e+01
7.303936362842813423e+02 3.076333386848142482e+01 2.921115641451916645e+01 2.892680196139122017e+01
7.361447627505748414e+02 3.076447652882217199e+01 2.921229957026719148e+01 2.892794446931344510e+01
7.418958892168683406e+02 3.076557151567976689e+01 2.921339503186351294e+01 2.892903931011136365e+01
7.476470156831618397e+02 3.076662081807302229e+01 2.921444478918812138e+01 2.893008847253861404e+01
7.533981421494553388e+02 3.076762634201929814e+01 2.921545074908561901e+01 2.893109386235886404e+01
7.591492686157488379e+02 3.076858991401769572e+01 2.921641473884699280e+01 2.893205730582695878e+01
7.649003950820423370e+02 3.076951328437161237e+01 2.921733850953381761e+01 2.893298055301306704e+01
7.706515215483358361e+02 3.077039813034923554e+01 2.921822373914204718e+01 2.893386528096198163e+01
7.764026480146293352e+02 3.077124605923984291e+01 2.921907203565734790e+01 2.893471309674794156e+01
7.821537744809228343e+02 3.077205861128578590e+01 2.921988493999015191e+01 2.893552554040780933e+01
7.879049009472163334e+02 3.077283726246099604e+01 2.922066392875484553e+01 2.893630408771940665e+01
7.936560274135098325e+02 3.077358342715945128e+01 2.922141041695755348e+01 2.893705015288753657e+01
7.994071538798033316e+02 3.077429846076307740e+01 2.922212576056841726e+01 2.893776509111319228e+01
8.051582803460968307e+02 3.077498366210619452e+01 2.922281125898496157e+01 2.893845020105794674e+01
8.109094068123903298e+02 3.077564027584395490e+01 2.922346815740155535e+01 2.893910672721091260e+01
8.166605332786838289e+02 3.077626949468265138e+01 2.922409764904261920e+01 2.893973586211797056e+01
8.224116597449773280e+02 3.077687246158166090e+01 2.922470087736132882e+01 2.894033874858752142e+01
8.281627862112708272e+02 3.077745027180611714e+01 2.922527893809865418e+01 2.894091648173821341e+01
8.339139126775643263e+02 3.077800397492660522e+01 2.922583288128089407e+01 2.894147011100079681e+01
8.396650391438578254e+02 3.077853457674405036e+01 2.922636371314439430e+01 2.894200064204204637e+01
8.454161656101513245e+02 3.077904304107170219e+01 2.922687239791940783e+01 2.894250903854572243e+01
8.511672920764448236e+02 3.077953029151410647e+01 2.922735985961270444e+01 2.894299622399410055e+01
8.569184185427383227e+02 3.077999721314614590e+01 2.922782698368138199e+01 2.894346308334326068e+01
8.626695450090318218e+02 3.078044465411954889e+01 2.922827461864608267e+01 2.894391046463334760e+01
8.684206714753253209e+02 3.078087342719311437e+01 2.922870357761644300e+01 2.894433918051288401e+01
8.741717979416188200e+02 3.078128431121905351e+01 2.922911463978363145e+01 2.894475000973130818e+01
8.799229244079123191e+02 3.078167805256288148e+01 2.922950855183688645e+01 2.894514369855448876e+01
8.856740508742058182e+02 3.078205536643690721e+01 2.922988602929768831e+01 2.894552096209878300e+01
8.914251773404993173e+02 3.078241693821826175e+01 2.923024775784062967e+01 2.894588248565031563e+01
8.971763038067928164e+02 3.078276342469007432e+01 2.923059439453339792e+01 2.894622892590433594e+01
9.029274302730863155e+02 3.078309545523438828e+01 2.923092656903156694e+01 2.894656091215961169e+01
9.086785567393798146e+02 3.078341363296999589e+01 2.923124488471592031e+01 2.894687904745353535e+01
9.144296832056733138e+02 3.078371853585753115e+01 2.923154991979583883e+01 2.894718390967034338e+01
9.201808096719668129e+02 3.078401071774305819e+01 2.923184222835880064e+01 2.894747605258191925e+01
9.259319361382603120e+02 3.078429070936061862e+01 2.923212234136809684e+01 2.894775600685153449e+01
9.316830626045538111e+02 3.078455901932358074e+01 2.923239076765867139e+01 2.894802428102485692e+01
9.374341890708473102e+02 3.078481613500520098e+01 2.923264799481410137e+01 2.894828136240954564e+01
9.431853155371408093e+02 3.078506252343930782e+01 2.923289449007143048e+01 2.894852771797837931e+01
9.489364420034343084e+02 3.078529863218227547e+01 2.923313070118132373e+01 2.894876379522730758e+01
9.546875684697278075e+02 3.078552489011906346e+01 2.923335705721353861e+01 2.894899002298365076e+01
9.604386949360213066e+02 3.078574170823924305e+01 2.923357396933624841e+01 2.894920681218235359e+01
9.661898214023148057e+02 3.078594948038357870e+01 2.923378183156148680e+01 2.894941455661233931e+01
9.719409478686083048e+02 3.078614858397043008e+01 2.923398102147115196e+01 2.894961363364092222e+01
9.776920743349018039e+02 3.078633938066269593e+01 2.923417190088395046e+01 2.894980440488262730e+01
9.834432008011953030e+02 3.078652221703475789e+01 2.923435481652649059e+01 2.894998721686675935e+01
9.891943272674888021e+02 3.078669742520577302e+01 2.923453010065952640e+01 2.895016240166631860e+01
9.949454537337823012e+02 3.078686532343391491e+01 2.923469807168140733e+01 2.895033027749923349e+01
1.000696580200075800e+03 3.078702621669901873e+01 2.923485903470282210e+01 2.895049114930196765e+01
1.006447706666369299e+03 3.078718039725566769e+01 2.923501328210625161e+01 2.895064530929300872e+01
1.012198833132662799e+03 3.078732814517087490e+01 2.923516109407762542e+01 2.895079303749963628e+01
1.017949959598956298e+03 3.078746972882117916e+01 2.923530273911251243e+01 2.895093460226462412e+01
1.023701086065249797e+03 3.078760540539593649e+01 2.923543847451043121e+01 2.895107026074151690e+01
1.029452212531543182e+03 2.954854495878402076e+01 2.920323355796989517e+01 2.895049205346703047e+01
1.035203338997836681e+03 2.912837837567457200e+01 2.900300710288934170e+01 2.888758826765064214e+01
1.040954465464130180e+03 2.883449421637055821e+01 2.878596583338429582e+01 2.873772203618125332e+01
1.046705591930423680e+03 2.859217865287240556e+01 2.857401757703655676e+01 2.855308028948672927e+01
1.052456718396717179e+03 2.837558133103539149e+01 2.836950771502915813e+01 2.835957305111452342e+01
1.058207844863010678e+03 2.817426165906948654e+01 2.817297374550406630e+01 2.816750609485040968e+01
1.063958971329304177e+03 2.798383796231894394e+01 2.798441696083023089e+01 2.798079868418165006e+01
1.069710097795597676e+03 2.780235781514426208e+01 2.780363803421909097e+01 2.780081931475086776e+01
1.075461224261891175e+03 2.762884886286269648e+01 2.763036586263717709e+01 2.762792422120168112e+01
1.081212350728184674e+03 2.746273881383433491e+01 2.746430861644887500e+01 2.746207264984116136e+01
1.086963477194478173e+03 2.730362307221440687e+01 2.730517382486169708e+01 2.730307267453457598e+01
1.092714603660771672e+03 2.715117145848358859e+01 2.715267609196337162e+01 2.715067921854262067e+01
1.098465730127065171e+03 2.700509058646230187e+01 2.700653987770715503e+01 2.700463296329155582e+01
1.104216856593358671e+03 2.686510851892694518e+01 2.686650031735314315e+01 2.686467562121362107e+01
1.109967983059652170e+03 2.673096834819853029e+01 2.673230326841297710e+01 2.673055576504248165e+01
1.115719109525945669e+03 2.660242535894747107e+01 2.660370506025770965e+01 2.660203089087224271e+01
1.121470235992239168e+03 2.647924563532785669e+01 2.648047213601239491e+01 2.647886798569783195e+01
1.127221362458532667e+03 2.636120525668519576e+01 2.636238066212155218e+01 2.636084350743817595e+01
1.132972488924826166e+03 2.624808973902997877e+01 2.624921613528806574e+01 2.624774314021760802e+01
1.138723615391119665e+03 2.613969358470740190e+01 2.614077299824037937e+01 2.613936146960156748e+01
1.144474741857413164e+03 2.603581988483784926e+01 2.603685426852035789e+01 2.603550163530326245e+01
1.150225868323706663e+03 2.593627995190803404e+01 2.593727118152600042e+01 2.593597498391011413e+01
1.155976994790000163e+03 2.584089297314494615e+01 2.584184284797890996e+01 2.584060073034112293e+01
1.161728121256293662e+03 2.574948568052042219e+01 2.575039592548495193e+01 2.574920563110953253e+01
1.167479247722587161e+03 2.566189203539028085e+01 2.566276430371482320e+01 2.566162367029124880e+01
1.173230374188880660e+03 2.557795292664116005e+01 2.557878880269225874e+01 2.557769575822572961e+01
1.178981500655174159e+03 2.549751588157369042e+01 2.549831688366089111e+01 2.549726944264210715e+01
1.184732627121467658e+03 2.542043478889945618e+01 2.542120237200407473e+01 2.542019863177949901e+01
1.190483753587761157e+03 2.534656963331974566e+01 2.534730519172603636e+01 2.534634332902987808e+01
1.196234880054054656e+03 2.527578624118376638e+01 2.527649111100782875e+01 2.527556937864574138e+01
1.201986006520348155e+03 2.520795603676549490e+01 2.520863149837924766e+01 2.520774822205396504e+01
1.207737132986641654e+03 2.514295580870782487e+01 2.514360308906481123e+01 2.514275666433354672e+01
1.213488259452935154e+03 2.508066748621621400e+01 2.508128776108060265e+01 2.508047665043960706e+01
1.219239385919228653e+03 2.502097792458334879e+01 2.502157232066366532e+01 2.502079505075749921e+01
1.224990512385522152e+03 2.496377869966619301e+01 2.496434829666395672e+01 2.496360345560657379e+01
1.230741638851815651e+03 2.490896591093769530e+01 2.490951174350635711e+01 2.490879797831900078e+01
1.236492765318109150e+03 2.485643999274878979e+01 2.485696305237644310e+01 2.485627906652712227e+01
1.242243891784402649e+03 2.480610553348554959e+01 2.480660677029260341e+01 2.480595132134368441e+01
1.247995018250696148e+03 2.475787110224570142e+01 2.475835142671246558e+01 2.475772332406228315e+01
1.253746144716989647e+03 2.471164908274863592e+01 2.471210936736889607e+01 2.471150747008954340e+01
1.259497271183283146e+03 2.466735551421078299e+01 2.466779659507659517e+01 2.466721980984107176e+01
1.265248397649576646e+03 2.462490993880527412e+01 2.462533261712576405e+01 2.462477989622243513e+01
1.270999524115870145e+03 2.458423525552501587e+01 2.458464029908111570e+01 2.458411063851082190e+01
1.276750650582163644e+03 2.454525758014119674e+01 2.454564572468194683e+01 2.454513816233298940e+01
1.282501777048457143e+03 2.450790611096635985e+01 2.450827806154291011e+01 2.450779167544567372e+01
1.288252903514750642e+03 2.447211300028612868e+01 2.447246943253531981e+01 2.447200333918431170e+01
1.294004029981044141e+03 2.443781323106929904e+01 2.443815479243801292e+01 2.443770814519081114e+01
1.299755156447337640e+03 2.440494449891315298e+01 2.440527180983690414e+01 2.440484379737279141e+01
1.305506282913631139e+03 2.437344709883115002e+01 2.437376075385941476e+01 2.437335059870775922e+01
1.311257409379924638e+03 2.434326381682365081e+01 2.434356438570097225e+01 2.434317134282821371e+01
1.317008535846218138e+03 2.431433982594887766e+01 2.431462785464839271e+01 2.431425121010505563e+01
1.322759662312511637e+03 2.428662258670647134e+01 2.428689859842239684e+01 2.428653766804660563e+01
1.328510788778805136e+03 2.426006175164883416e+01 2.426032624774870783e+01 2.425998037592091805e+01
1.334261915245098635e+03 2.423460907387953966e+01 2.423486253481127051e+01 2.423453109326726462e+01
1.340013041711392134e+03 2.421021831943204461e+01 2.421046120559884685e+01 2.421014359228610147e+01
1.345764168177685633e+03 2.418684518330809397e+01 2.418707793590550637e+01 2.418677357388935434e+01
1.351515294643979132e+03 2.416444720896413401e+01 2.416467025077912467e+01 2.416437858719586984e+01
1.357266421110272631e+03 2.414298371119906506e+01 2.414319744737957762e+01 2.414291795243246952e+01
1.363017547576566130e+03 2.412241570228201226e+01 2.412262052107348609e+01 2.412235268706825764e+01
1.368768674042859629e+03 2.410270582109558291e+01 2.410290209454473143e+01 2.410264543496987244e+01
1.374519800509153129e+03 2.408381826527221392e+01 2.408400634990272238e+01 2.408376039854476858e+01
1.380270926975446628e+03 2.406571872618519592e+01 2.406589896364710057e+01 2.406566327374315506e+01
1.386022053441740127e+03 2.404837432661855701e+01 2.404854704430692891e+01 2.404832118773430238e+01
1.391773179908033626e+03 2.403175356103577087e+01 2.403191907268723071e+01 2.403170263918406135e+01
1.397524306374327125e+03 2.401582623835156483e+01 2.401598484461237604e+01 2.401577744103491341e+01
1.403275432840620624e+03 2.400056342709768842e+01 2.400071541607081826e+01 2.400051666567730990e+01
1.409026559306914123e+03 2.398593740288612253e+01 2.398608305065448576e+01 2.398589259242129401e+01
1.414777685773207622e+03 2.397192159802216338e+01 2.397206116915072016e+01 2.397187865711617860e+01
1.420528812239501121e+03 2.395849055325146537e+01 2.395862430126624076e+01 2.395844940390338706e+01
1.426279938705794621e+03 2.394561987151530502e+01 2.394574803936552598e+01 2.394558043897905009e+01
1.432031065172088120e+03 2.393328617363050625e+01 2.393340899412839917e+01 2.393324838627768258e+01
1.437782191638381619e+03 2.392146705584838173e+01 2.392158475209379276e+01 2.392143084503987893e+01
1.443533318104675118e+03 2.391014104912801486e+01 2.391025383491182765e+01 2.391010634908809607e+01
1.449284444570968617e+03 2.389928758014764298e+01 2.389939566034200880e+01 2.389925432784463055e+01
1.455035571037262116e+03 2.388888693393329277e+01 2.388899050486190845e+01 2.388885506896548350e+01
1.460786697503555615e+03 2.387892021805174636e+01 2.387901946784876372e+01 2.387888968253753319e+01
1.466537823969849114e+03 2.386936932827961755e+01 2.386946443722814593e+01 2.386934006675210185e+01
1.472288950436142613e+03 2.386021691573466796e+01 2.386030805659703447e+01 2.386018887504133090e+01
1.478040076902436113e+03 2.385144635536636315e+01 2.385153369369720622e+01 2.385141948457203398e+01
1.483791203368729612e+03 2.384304171573865005e+01 2.384312541018567799e+01 2.384301596603381768e+01
1.489542329835023111e+03 2.383498773009893057e+01 2.383506793268969659e+01 2.383496305470964671e+01
1.495293456301316610e+03 2.382726976864205426e+01 2.382734662506248924e+01 2.382724612274643050e+01
1.501044582767610109e+03 2.381987381194329600e+01 2.381994746180038192e+01 2.381985115258936503e+01
1.506795709233903608e+03 2.381278642548966218e+01 2.381285700256603377e+01 2.381276471151772967e+01
1.512546835700197107e+03 2.380599473527337295e+01 2.380606236776952755e+01 2.380597392724013162e+01
1.518297962166490606e+03 2.379948640440773033e+01 2.379955121517627958e+01 2.379946646451639936e+01
1.524049088632784105e+03 2.379324961071597500e+01 2.379331171748333418e+01 2.379323050274643947e+01
1.529800215099077604e+03 2.378727302526999665e+01 2.378733254085113913e+01 2.378725471451338080e+01
1.535551341565371104e+03 2.378154579180056771e+01 2.378160282430371808e+01 2.378152824499585449e+01
1.541302468031664603e+03 2.377605750697648546e+01 2.377611215999917249e+01 2.377604069225020567e+01
1.547053594497958102e+03 2.377079820150538580e+01 2.377085057432344684e+01 2.377078208831420625e+01
1.552804720964251601e+03 2.376575832203207028e+01 2.376580850977842374e+01 2.376574288110714406e+01
1.558555847430545100e+03 2.376092871377954907e+01 2.376097680761961328e+01 2.376091391707274170e+01
1.564306973896838599e+03 2.375630060392239784e+01 2.375634669121609477e+01 2.375628642455598083e+01
1.570058100363132098e+03 2.375186558564615780e+01 2.375190975010974626e+01 2.375185199786398016e+01
1.575809226829425597e+03 2.374761560288948203e+01 2.374765792474653381e+01 2.374760258200973340e+01
1.581560353295719096e+03 2.374354293569405172e+01 2.374358349182102756e+01 2.374353045806452656e+01
1.587311479762012596e+03 2.373964018619216176e+01 2.373967905025705249e+01 2.373962822914785420e+01
1.593062606228306095e+03 2.373590026516751550e+01 2.373593750776643674e+01 2.373588880698866888e+01
1.598813732694599594e+03 2.373231637917513126e+01 2.373235206795737895e+01 2.373230539904841407e+01
1.604564859160893093e+03 2.372888201820097720e+01 2.372891621799521999e+01 2.372887149618122749e+01
1.610315985627186592e+03 2.372559094384297396e+01 2.372562371677105375e+01 2.372558086081750162e+01
1.616067112093480091e+03 2.372243717796322926e+01 2.372246858355583754e+01 2.372242751561668683e+01
1.621818238559773590e+03 2.371941499185351176e+01 2.371944508715802158e+01 2.371940573263441365e+01
1.627569365026067089e+03 2.371651889581289652e+01 2.371654773549681750e+01 2.371651002290212773e+01
1.633320491492360588e+03 2.371374362917583767e+01 2.371377126562686044e+01 2.371373512645561732e+01
1.639071617958654087e+03 2.371108415076963638e+01 2.371111063418618414e+01 2.371107600279566441e+01
1.644822744424947587e+03 2.370853562972706641e+01 2.370856100821652035e+01 2.370852782169851025e+01
1.650573870891241086e+03 2.370609343675221226e+01 2.370611775641378927e+01 2.370608595448618416e+01
1.656324997357534585e+03 2.370375313567859621e+01 2.370377644068753398e+01 2.370374596558394842e+01
1.662076123823828084e+03 2.370151047542032074e+01 2.370153280810973229e+01 2.370150360447257754e+01
1.667827250290121583e+03 2.369936138226597677e+01 2.369938278320222480e+01 2.369935479798454026e+01
1.673578376756415082e+03 2.369730195245637105e+01 2.369732246051444235e+01 2.369729564288093115e+01
1.679329503222708581e+03 2.369532844509620872e+01 2.369534809752803994e+01 2.369532239876525637e+01
1.685080629689002080e+03 2.369343727538358735e+01 2.369345610788667500e+01 2.369343148131457610e+01
1.690831756155295579e+03 2.369162500806697835e+01 2.369164305485065825e+01 2.369161945573495132e+01
1.696582882621589079e+03 2.368988835121996317e+01 2.368990564506492547e+01 2.368988303053936306e+01
1.702334009087882578e+03 2.368822415025908867e+01 2.368824072257939406e+01 2.368821905156568164e+01
1.708085135554176077e+03 2.368662938222621506e+01 2.368664526312437602e+01 2.368662449625787758e+01
1.713836262020469576e+03 2.368510115027618212e+01 2.368511636860063163e+01 2.368509646815704173e+01
1.719587388486763075e+03 2.368363667841708775e+01 2.368365126181049618e+01 2.368363219164308475e+01
1.725338514953056574e+03 2.368223330648964975e+01 2.368224728144241453e+01 2.368222900691040422e+01
1.731089641419350073e+03 2.368088848531158419e+01 2.368090187720736139e+01 2.368088436511754935e+01
1.736840767885643572e+03 2.367959977206163558e+01 2.367961260522787370e+01 2.367959582376812477e+01
1.742591894351937071e+03 2.367836482583527413e+01 2.367837712358436875e+01 2.367836104227001215e+01
1.748343020818230571e+03 2.367718140338996591e+01 2.367719318805734474e+01 2.367717777768075393e+01
1.754094147284524070e+03 2.367604735507700298e+01 2.367605864807120497e+01 2.367604388063767828e+01
1.759845273750817569e+03 2.367496062093960063e+01 2.367497144277319876e+01 2.367495729145895211e+01
1.765596400217111068e+03 2.367391922694821460e+01 2.367392959727982316e+01 2.367391603637838671e+01
1.771347526683404567e+03 2.367292128145658126e+01 2.367293121912115339e+01 2.367291822400255796e+01
1.777098653149698066e+03 2.367196497172932368e+01 2.367197449477936289e+01 2.367196204183687769e+01
1.782849779615991565e+03 2.367104856065196827e+01 2.367105768638793961e+01 2.367104575299850922e+01
1.788600906082285064e+03 2.367017038360484094e+01 2.367017912860097795e+01 2.367016769309083202e+01
1.794352032548578563e+03 2.366932884540398163e+01 2.366933722554637143e+01 2.366932626714219623e+01
1.800103159014872062e+03 2.366852241741548823e+01 2.366853044792600258e+01 2.366851994672282444e+01
1.805854285481165562e+03 2.366774963479764438e+01 2.366775733026287298e+01 2.366774726718585953e+01
1.811605411947459061e+03 2.366700909380875828e+01 2.366701646820780525e+01 2.366700682497724983e+01
1.817356538413752560e+03 2.366629944928553186e+01 2.366630651601514046e+01 2.366629727511292458e+01
1.823107664880046059e+03 2.366561941217753429e+01 2.366562618407300533e+01 2.366561732871451795e+01
1.828858791346339558e+03 2.366496774721878182e+01 2.366497423657904164e+01 2.366496575068146058e+01
1.834609917812633057e+03 2.366434327069225674e+01 2.366434948930833571e+01 2.366434135745288359e+01
1.840361044278926556e+03 2.366374484825030322e+01 2.366375080741619286e+01 2.366374301483392628e+01
1.846112170745220055e+03 2.366317139288207727e+01 2.366317710342246983e+01 2.366316963595869538e+01
1.851863297211513554e+03 2.366262186292254910e+01 2.366262733521091377e+01 2.366262017930051798e+01
1.857614423677807054e+03 2.366209526014802123e+01 2.366210050412320243e+01 2.366209364676956284e+01
1.863365550144100553e+03 2.366159062803154711e+01 2.366159565322129765e+01 2.366158908196518951e+01
1.869116676610394052e+03 2.366110704990757085e+01 2.366111186543810163e+01 2.366110556834553336e+01
1.874867803076687551e+03 2.366064364738207360e+01 2.366064826200164362e+01 2.366064222763299085e+01
1.880618929542981050e+03 2.366019957868314805e+01 2.366020400077508157e+01 2.366019821816814783e+01
1.886370056009274549e+03 2.365977403720734173e+01 2.365977827480281803e+01 2.365977273345504273e+01
1.892121182475568048e+03 2.365936624993952364e+01 2.365937031073542585e+01 2.365936500058171532e+01
1.897872308941861547e+03 2.365897547615219310e+01 2.365897936752639907e+01 2.365897427891934512e+01
1.903623435408155046e+03 2.365860100601764771e+01 2.365860473503755657e+01 2.365859985873578353e+01
1.909374561874448545e+03 2.365824215934713948e+01 2.365824573278609932e+01 2.365824105993095827e+01
1.915125688340742045e+03 2.365789828428540886e+01 2.365790170863544972e+01 2.365789723073834239e+01
1.920876814807035544e+03 2.365756875619695165e+01 2.365757203767850569e+01 2.365756774660536621e+01
1.926627941273329043e+03 2.365725297651158598e+01 2.365725612108423093e+01 2.365725200904199710e+01
1.932379067739622542e+03 2.365695037162112158e+01 2.365695338499745048e+01 2.365694944451564652e+01
1.938130194205916041e+03 2.365666039185464342e+01 2.365666327950867753e+01 2.365665950342946644e+01
1.943881320672209540e+03 2.365638251047852236e+01 2.365638527765679555e+01 2.365638165911957458e+01
1.949632447138503039e+03 2.365611622272814429e+01 2.365611887445504635e+01 2.365611540688922787e+01
1.955383573604796538e+03 2.365586104488369301e+01 2.365586358597585104e+01 2.365586026308278633e+01
1.961134700071090037e+03 2.365561651343608673e+01 2.365561894851055058e+01 2.365561576425307067e+01
1.966885826537383537e+03 2.365538218419681016e+01 2.365538451767542938e+01 2.365538146627068272e+01
1.972636953003677036e+03 2.365515763153018725e+01 2.365515986765382195e+01 2.365515694355713094e+01
1.978388079469970535e+03 2.365494244752790109e+01 2.365494459035721775e+01 2.365494178825809968e+01
1.984139205936264034e+03 2.365473624132545183e+01 2.365473829475217826e+01 2.365473560956121446e+01
1.989890332402557533e+03 2.365453863835165293e+01 2.365454060610716169e+01 2.365453803294548152e+01
1.995641458868851032e+03 2.365434927966208534e+01 2.365435116531983795e+01 2.365434869951440078e+01
