6.470017274062386716e-04 2.365000000000003411e+01 2.365000000000003411e+01 2.365000000000003411e+01
6.470664275790349862e+00 2.365000000000003411e+01 2.365000000000003411e+01 2.365000000000003411e+01
1.294068154985539287e+01 2.506099884121852028e+01 2.369121422236776198e+01 2.365110240601461555e+01
1.941069882391107271e+01 2.552482161316680731e+01 2.391743645789466655e+01 2.372501820767280378e+01
2.588071609795835215e+01 2.584985941588792002e+01 2.415915995413729433e+01 2.389374398622703666e+01
3.235073337200756072e+01 2.611727009179617198e+01 2.439380844724161079e+01 2.409889527875060367e+01
3.882075064609036730e+01 2.635540358024479701e+01 2.461897938156693044e+01 2.431223462599217555e+01
4.529076792017317388e+01 2.657572435732191707e+01 2.483420384362557343e+01 2.452267087818484015e+01
5.176078519425598046e+01 2.678307939087045497e+01 2.503958942640412033e+01 2.472607487475386279e+01
5.823080246833878704e+01 2.697967237094394477e+01 2.523545440188502198e+01 2.492107860840269495e+01
6.470081974241389844e+01 2.716664243744736496e+01 2.542218783306788055e+01 2.510739999193293670e+01
7.117083701642565075e+01 2.734469286766096729e+01 2.560019466202578542e+01 2.528517675547544741e+01
7.764085429043740305e+01 2.751434180450507938e+01 2.576987443963724900e+01 2.545470197364960541e+01
8.411087156444915536e+01 2.767602256970616281e+01 2.593161341036807244e+01 2.561631937889052324e+01
9.058088883846090766e+01 2.783012410087235367e+01 2.608578188527758357e+01 2.577038222852581839e+01
9.705090611247265997e+01 2.797700753928523909e+01 2.623273369476038397e+01 2.591723743560123694e+01
1.035209233864844123e+02 2.811701330470486937e+01 2.637280644550799025e+01 2.605721972890881943e+01
1.099909406604961646e+02 2.825046436272447181e+01 2.650632207524125761e+01 2.619064978145308942e+01
1.164609579345079169e+02 2.837766795595274516e+01 2.663358750475310899e+01 2.631783389679748097e+01
1.229309752085196692e+02 2.849891670377922992e+01 2.675489530847670494e+01 2.643906429511793021e+01
1.294009924825314215e+02 2.861448943165220271e+01 2.687052437317640852e+01 2.655461961864642717e+01
1.358710097565431738e+02 2.872465187439769352e+01 2.698074053357345292e+01 2.666476550607927720e+01
1.423410270305549261e+02 2.882965731194002501e+01 2.708579718130323499e+01 2.676975517695063900e+01
1.488110443045666784e+02 2.892974716146727587e+01 2.718593584659816997e+01 2.686983000331599669e+01
1.552810615785784307e+02 2.902515153638768197e+01 2.728138675323009466e+01 2.696522006050867049e+01
1.617510788525901830e+02 2.911608977692981171e+01 2.737236934766355034e+01 2.705614465443375138e+01
1.682210961266019353e+02 2.920277095503854525e+01 2.745909280351986581e+01 2.714281282510222582e+01
1.746911134006136876e+02 2.928539435529427237e+01 2.754175650246054374e+01 2.722542382696678942e+01
1.811611306746254400e+02 2.936414993317015387e+01 2.762055049256088068e+01 2.730416758690734014e+01
1.876311479486371923e+02 2.943921875179142944e+01 2.769565592523912301e+01 2.737922514084442582e+01
1.941011652226489446e+02 2.951077339822791146e+01 2.776724547173472502e+01 2.745076904993499056e+01
2.005711824966606969e+02 2.957897838028105753e+01 2.783548372008408478e+01 2.751896379728952979e+01
2.070411997706724492e+02 2.964399050469978647e+01 2.790052755351547376e+01 2.758396616612458274e+01
2.135112170446842015e+02 2.970595923768996727e+01 2.796252651113468346e+01 2.764592560021668532e+01
2.199812343186959538e+02 2.976502704854510739e+01 2.802162313172345876e+01 2.770498454748025097e+01
2.264512515927077061e+02 2.982132973718904623e+01 2.807795328144010227e+01 2.776127878746086708e+01
2.329212688667194584e+02 2.987499674638780789e+01 2.813164646618548659e+01 2.781493774350127524e+01
2.393912861407312107e+02 2.992615145934621523e+01 2.818282612934314102e+01 2.786608478029091884e+01
2.458613034147429630e+02 2.997491148337007871e+01 2.823160993558053633e+01 2.791483748748817106e+01
2.523313206887547153e+02 3.002138892025561745e+01 2.827811004137078044e+01 2.796130795006723702e+01
2.588013379628895336e+02 3.006569062401104020e+01 2.832243335283891383e+01 2.800560300600221808e+01
2.652713552371855030e+02 3.010791844652135296e+01 2.836468177154677051e+01 2.804782449189394811e+01
2.717413725114814724e+02 3.014816947171340189e+01 2.840495242877375404e+01 2.808806947710218083e+01
2.782113897857774418e+02 3.018653623876394931e+01 2.844333790883086976e+01 2.812643048691620606e+01
2.846814070600734112e+02 3.022310695482951814e+01 2.847992646189732113e+01 2.816299571525723877e+01
2.911514243343693806e+02 3.025796569786143664e+01 2.851480220693230194e+01 2.819784922745935773e+01
2.976214416086653500e+02 3.029119260990074736e+01 2.854804532506540227e+01 2.823107115353843710e+01
3.040914588829613194e+02 3.032286408131210464e+01 2.857973224391980693e+01 2.826273787239534840e+01
3.105614761572572888e+02 3.035305292644380870e+01 2.860993581335873159e+01 2.829292218745234777e+01
3.170314934315532582e+02 3.038182855098426671e+01 2.863872547292191939e+01 2.832169349398310487e+01
3.235015107058492276e+02 3.040925711158234890e+01 2.866616741152603254e+01 2.834911793870907104e+01
3.299715279801451970e+02 3.043540166789102841e+01 2.869232471958019914e+01 2.837525857182043865e+01
3.364415452544411664e+02 3.046032232759682756e+01 2.871725753408856008e+01 2.840017549198461211e+01
3.429115625287371358e+02 3.048407638456501445e+01 2.874102317686021024e+01 2.842392598446900820e+01
3.493815798030331052e+02 3.050671845059196130e+01 2.876367628632812057e+01 2.844656465287499714e+01
3.558515970773290746e+02 3.052830058095429422e+01 2.878526894315888285e+01 2.846814354466835084e+01
3.623216143516250440e+02 3.054887239406389199e+01 2.880585078996421089e+01 2.848871227081508550e+01
3.687916316259210134e+02 3.056848118558235683e+01 2.882546914547458528e+01 2.850831811987944775e+01
3.752616489002169828e+02 3.058717203712603805e+01 2.884416911329407185e+01 2.852700616671319267e+01
3.817316661745129522e+02 3.060498791991244616e+01 2.886199368559891809e+01 2.854481937608579756e+01
3.882016834488089216e+02 3.062196979357491955e+01 2.887898384200025248e+01 2.856179870148389455e+01
3.946717007231048910e+02 3.063815670031698346e+01 2.889517864374408873e+01 2.857798317925278297e+01
4.011417179974008604e+02 3.065358585465645547e+01 2.891061532349897334e+01 2.859341001832569873e+01
4.076117352716968298e+02 3.066829272900969272e+01 2.892532937098337698e+01 2.860811468579652228e+01
4.140817525459927992e+02 3.068231113524387865e+01 2.893935461455481573e+01 2.862213098845813875e+01
4.205517698202887686e+02 3.069567330239192415e+01 2.895272329896613428e+01 2.863549115050756200e+01
4.270217870945847380e+02 3.070840995075326418e+01 2.896546615950012438e+01 2.864822588763422573e+01
4.334918043688807074e+02 3.072055036253482285e+01 2.897761249264590333e+01 2.866036447765100093e+01
4.399618216431766768e+02 3.073212244916794589e+01 2.898919022344853147e+01 2.867193482780106706e+01
4.464318389174726462e+02 3.074315281548348366e+01 2.900022596971462008e+01 2.868296353892287698e+01
4.529018561917686156e+02 3.075366682084950298e+01 2.901074510318176181e+01 2.869347596657951271e+01
4.593718734660645850e+02 3.076368863750059290e+01 2.902077180787364341e+01 2.870349627937775949e+01
4.658418907403605544e+02 3.077324130610674047e+01 2.903032913569819584e+01 2.871304751453061499e+01
4.723119080146565238e+02 3.078234678874122210e+01 2.903943905944072412e+01 2.872215163081568789e+01
4.787819252889524932e+02 3.079102601937984218e+01 2.904812252328719069e+01 2.873082955906704683e+01
4.852519425632484626e+02 3.079929895202775469e+01 2.905639949097542285e+01 2.873910125029613027e+01
4.917219598375444320e+02 3.080718460657249125e+01 2.906428899166922974e+01 2.874698572153630494e+01
4.981919771118404014e+02 3.081470111253514688e+01 2.907180916373255286e+01 2.875450109958779876e+01
5.046619943861363708e+02 3.082186575074689472e+01 2.907897729642468221e+01 2.876166466268898603e+01
5.111320116604323402e+02 3.082869499308060313e+01 2.908580986965290549e+01 2.876849288024078533e+01
5.176020289347283097e+02 3.083520454031281588e+01 2.909232259185171188e+01 2.877500145066414916e+01
5.240720462090242791e+02 3.084140935822546226e+01 2.909853043610218037e+01 2.878120533749466858e+01
5.305420634833202485e+02 3.084732371201613432e+01 2.910444767455982173e+01 2.878711880379000831e+01
5.370120807576162179e+02 3.085296119909151003e+01 2.911008791126300821e+01 2.879275544491582650e+01
5.434820980319121873e+02 3.085833478032452604e+01 2.911546411340646046e+01 2.879812821980061699e+01
5.499521153062081567e+02 3.086345680984771889e+01 2.912058864114840162e+01 2.880324948072302504e+01
5.564221325805041261e+02 3.086833906346851109e+01 2.912547327603948588e+01 2.880813100172292707e+01
5.628921498548000955e+02 3.087299276573764928e+01 2.913012924810522009e+01 2.881278400566742448e+01
5.693621671290960649e+02 3.087742861575515008e+01 2.913456726166435828e+01 2.881721919005053678e+01
5.758321844033920343e+02 3.088165681176855060e+01 2.913879751993783884e+01 2.882144675158980363e+01
5.823022016776880037e+02 3.088568707461473650e+01 2.914282974850453911e+01 2.882547640966322433e+01
5.887722189519839731e+02 3.088952867007651548e+01 2.914667321766603436e+01 2.882931742866338709e+01
5.952422362262799425e+02 3.089319043017906097e+01 2.915033676375537652e+01 2.883297863928987681e+01
6.017122535005759119e+02 3.089668077349716668e+01 2.915382880945315947e+01 2.883646845885408538e+01
6.081822707748718813e+02 3.090000772450810018e+01 2.915715738315140015e+01 2.883979491062984835e+01
6.146522880491678507e+02 3.090317893204274924e+01 2.916033013741093782e+01 2.884296564229981641e+01
6.211223053234638201e+02 3.090620168687200930e+01 2.916335436655862168e+01 2.884598794354099027e+01
6.275923225977597895e+02 3.090908293846445076e+01 2.916623702345265201e+01 2.884886876277880674e+01
6.340623398720557589e+02 3.091182931097108622e+01 2.916898473547502135e+01 2.885161472317031439e+01
6.405323571463517283e+02 3.091444711843496407e+01 2.917160381974787242e+01 2.885423213781166396e+01
6.470023744206476977e+02 3.091694237933324985e+01 2.917410029768518598e+01 2.885672702427643799e+01
6.534723916949436671e+02 3.091932083039085910e+01 2.917647990880851694e+01 2.885910511842882897e+01
6.599424089692396365e+02 3.092158793979729126e+01 2.917874812397496953e+01 2.886137188763746053e+01
6.664124262435356059e+02 3.092374891974350248e+01 2.918091015791731024e+01 2.886353254331152129e+01
6.728824435178315753e+02 3.092580873843934341e+01 2.918297098126913625e+01 2.886559205291553099e+01
6.793524607921275447e+02 3.092777213151435944e+01 2.918493533196948420e+01 2.886755515136769645e+01
6.858224780664235141e+02 3.092964361290415809e+01 2.918680772615573460e+01 2.886942635192707485e+01
6.922924953407194835e+02 3.093142748524684293e+01 2.918859246856391110e+01 2.887120995658551692e+01
6.987625126150154529e+02 3.093312784975279328e+01 2.919029366240590662e+01 2.887291006593835618e+01
7.052325298893114223e+02 3.093474861564681078e+01 2.919191521881214157e+01 2.887453058862377020e+01
7.117025471636073917e+02 3.093629350915472287e+01 2.919346086582646649e+01 2.887607525030790612e+01
7.181725644379033611e+02 3.093776608206695755e+01 2.919493415697121463e+01 2.887754760224908068e+01
7.246425817121993305e+02 3.093916971990023512e+01 2.919633847941497606e+01 2.887895102945532244e+01
7.311125989864952999e+02 3.094050764968983458e+01 2.919767706176628508e+01 2.888028875847822974e+01
7.375826162607912693e+02 3.094178294741095669e+01 2.919895298150152030e+01 2.888156386483063898e+01
7.440526335350872387e+02 3.094299854503157121e+01 2.920016917201741080e+01 2.888277928004123396e+01
7.505226508093832081e+02 3.094415723727973955e+01 2.920132842940591900e+01 2.888393779841834430e+01
7.569926680836791775e+02 3.094526168803866994e+01 2.920243341884980737e+01 2.888504208344579638e+01
7.634626853579751469e+02 3.094631443650746405e+01 2.920348668078656829e+01 2.888609467394172725e+01
7.699327026322711163e+02 3.094731790300204466e+01 2.920449063671173917e+01 2.888709798985792077e+01
7.764027199065670857e+02 3.094827439454542173e+01 2.920544759477411390e+01 2.888805433787229049e+01
7.828727371808630551e+02 3.094918611016396426e+01 2.920635975507286730e+01 2.888896591668094516e+01
7.893427544551590245e+02 3.095005514593407270e+01 2.920722921470621714e+01 2.888983482204508846e+01
7.958127717294549939e+02 3.095088349981529063e+01 2.920805797260953796e+01 2.889066305162577919e+01
8.022827890037509633e+02 3.095167307623756869e+01 2.920884793413944180e+01 2.889145250956556765e+01
8.087528062780469327e+02 3.095242569046951076e+01 2.920960091545094883e+01 2.889220501086191462e+01
8.152228235523429021e+02 3.095314307281847732e+01 2.921031864769651065e+01 2.889292228556195141e+01
8.216928408266388715e+02 3.095382687258205578e+01 2.921100278097657110e+01 2.889360598271588287e+01
8.281628581009348409e+02 3.095447866185099883e+01 2.921165488814892797e+01 2.889425767417844781e+01
8.346328753752308103e+02 3.095509993911747415e+01 2.921227646843721004e+01 2.889487885821768032e+01
8.411028926495267797e+02 3.095569213273870446e+01 2.921286895089463087e+01 2.889547096297553708e+01
8.475729099238227491e+02 3.095625660419227643e+01 2.921343369766395881e+01 2.889603534972536636e+01
8.540429271981187185e+02 3.095679465122594820e+01 2.921397200712442555e+01 2.889657331602074919e+01
8.605129444724146879e+02 3.095730751083431187e+01 2.921448511687464134e+01 2.889708609867034284e+01
8.669829617467106573e+02 3.095779636210596664e+01 2.921497420657880184e+01 2.889757487658641821e+01
8.734529790210066267e+02 3.095826232895257135e+01 2.921544040069602488e+01 2.889804077351107026e+01
8.799229962953025961e+02 3.095870648264462943e+01 2.921588477101926173e+01 2.889848486055416288e+01
8.863930135695985655e+02 3.095912984431112136e+01 2.921630833917691916e+01 2.889890815869171092e+01
8.928630308438945349e+02 3.095953338728673998e+01 2.921671207897651357e+01 2.889931164111288808e+01
8.993330481181905043e+02 3.095991803933617348e+01 2.921709691863605940e+01 2.889969623544249089e+01
9.058030653924864737e+02 3.096028468479249796e+01 2.921746374291996062e+01 2.890006282588052500e+01
9.122730826667824431e+02 3.096063416660109624e+01 2.921781339518497589e+01 2.890041225524669244e+01
9.187430999410784125e+02 3.096096728823221156e+01 2.921814667929260168e+01 2.890074532688993258e+01
9.252131172153743819e+02 3.096128481554842438e+01 2.921846436147939130e+01 2.890106280655879800e+01
9.316831344896703513e+02 3.096158747856168247e+01 2.921876717211307550e+01 2.890136542415507392e+01
9.381531517639663207e+02 3.096187597310853334e+01 2.921905580737075070e+01 2.890165387541105702e+01
9.446231690382622901e+02 3.096215096244822007e+01 2.921933093083424637e+01 2.890192882348645753e+01
9.510931863125582595e+02 3.096241307879961369e+01 2.921959317503024067e+01 2.890219090050527484e+01
9.575632035868542289e+02 3.096266292477542947e+01 2.921984314286561357e+01 2.890244070898961581e+01
9.640332208611501983e+02 3.096290107480194820e+01 2.922008140904773654e+01 2.890267882328032556e+01
9.705032381354461677e+02 3.096312807639509401e+01 2.922030852135833356e+01 2.890290579080982525e+01
9.769732554097421371e+02 3.096334445143480707e+01 2.922052500193308333e+01 2.890312213338074798e+01
9.834432726840381065e+02 3.096355069737870735e+01 2.922073134847090614e+01 2.890332834837556675e+01
9.899132899583340759e+02 3.096374728839748514e+01 2.922092803537532291e+01 2.890352490989488388e+01
9.963833072326300453e+02 3.096393467646174713e+01 2.922111551483612857e+01 2.890371226983944553e+01
1.002853324506926015e+03 3.096411329239191446e+01 2.922129421788417858e+01 2.890389085896708821e+01
1.009323341781221984e+03 3.096428354683405360e+01 2.922146455536596932e+01 2.890406108786152117e+01
1.015793359055517953e+03 3.096444583121035521e+01 2.922162691889508324e+01 2.890422334788593162e+01
1.022263376329813923e+03 3.096460051862339924e+01 2.922178168175537394e+01 2.890437801208707924e+01
1.028733393604109779e+03 2.967844414269444542e+01 2.920882618275851428e+01 2.890447899566640899e+01
1.035203410878405748e+03 2.916179844853297709e+01 2.899981947679543737e+01 2.885274552625719480e+01
1.041673428152701717e+03 2.882011413084666174e+01 2.875775494305838720e+01 2.869661152942239823e+01
1.048143445426997687e+03 2.854503015937342525e+01 2.852162004082254043e+01 2.849545991661108246e+01
1.054613462701293656e+03 2.830273396465747737e+01 2.829473889681986520e+01 2.828260387268045406e+01
1.061083479975589626e+03 2.807969612117875613e+01 2.807777245106956343e+01 2.807129940457701878e+01
1.067553497249885595e+03 2.787024880740329991e+01 2.787068207519763519e+01 2.786653894243465857e+01
1.074023514524181564e+03 2.767185948308446086e+01 2.767317446720369389e+01 2.767003179157791237e+01
1.080493531798477534e+03 2.748325594491979018e+01 2.748486827852531178e+01 2.748219363060246678e+01
1.086963549072773503e+03 2.730367985732772240e+01 2.730535952338652805e+01 2.730293777398918564e+01
1.093433566347069473e+03 2.713258915629444346e+01 2.713424701716763821e+01 2.713198944492671671e+01
1.099903583621365442e+03 2.696953908281261647e+01 2.697114194537630283e+01 2.696901027298764575e+01
1.106373600895661411e+03 2.681413431916649870e+01 2.681567114425433829e+01 2.681364730548688158e+01
1.112843618169957381e+03 2.666600944185609023e+01 2.666747790390155615e+01 2.666555200730005026e+01
1.119313635444253350e+03 2.652482066527903726e+01 2.652622180912049998e+01 2.652438734251899177e+01
1.125783652718549320e+03 2.639024210042958885e+01 2.639157821976436935e+01 2.638983013623123952e+01
1.132253669992845289e+03 2.626196383148396762e+01 2.626323762902410408e+01 2.626157157960574295e+01
1.138723687267141258e+03 2.613969073608274130e+01 2.614090499348986896e+01 2.613931701653751816e+01
1.145193704541437228e+03 2.602314162092267225e+01 2.602429907139941179e+01 2.602278546382166269e+01
1.151663721815733197e+03 2.591204850130924342e+01 2.591315178264119368e+01 2.591170904378600426e+01
1.158133739090029167e+03 2.580615595561346254e+01 2.580720759504879425e+01 2.580583239971309695e+01
1.164603756364325136e+03 2.570522052633117482e+01 2.570622293796134272e+01 2.570491212120873570e+01
1.171073773638621105e+03 2.560901015570152595e+01 2.560996564265701636e+01 2.560871618954291762e+01
1.177543790912917075e+03 2.551730365034541137e+01 2.551821440875727376e+01 2.551702344620366603e+01
1.184013808187213044e+03 2.542989017198186730e+01 2.543075829549820810e+01 2.542962308521379100e+01
1.190483825461509014e+03 2.534656875242018259e+01 2.534739623680917475e+01 2.534631416880478127e+01
1.196953842735804983e+03 2.526714783139146903e+01 2.526793657904545398e+01 2.526690516555856902e+01
1.203423860010100952e+03 2.519144481611203901e+01 2.519219664038763540e+01 2.519121351013279764e+01
1.209893877284396922e+03 2.511928566146139019e+01 2.512000229083560043e+01 2.511906518354044238e+01
1.216363894558692891e+03 2.505050446984114387e+01 2.505118755187908164e+01 2.505029431308406629e+01
1.222833911832988861e+03 2.498494310976502675e+01 2.498559421490614341e+01 2.498474279100895501e+01
1.229303929107284830e+03 2.492245085230780433e+01 2.492307147747624185e+01 2.492225991100895044e+01
1.235773946381580799e+03 2.486288402456642643e+01 2.486347559661066953e+01 2.486270202174051747e+01
1.242243963655876769e+03 2.480610567935144672e+01 2.480666955832612075e+01 2.480593219656469728e+01
1.248713980930172738e+03 2.475198528033803314e+01 2.475252276262995110e+01 2.475181991874450205e+01
1.255183998204468708e+03 2.470039840195482839e+01 2.470091072326323456e+01 2.470024078137976176e+01
1.261654015478764677e+03 2.465122644332421942e+01 2.465171478150091389e+01 2.465107620138979883e+01
1.268124032753060646e+03 2.460435635559326784e+01 2.460482183335443551e+01 2.460421314688557004e+01
1.274594050027356616e+03 2.455968038202968273e+01 2.456012406953192340e+01 2.455954387730480448e+01
1.281064067301652585e+03 2.451709581028262619e+01 2.451751872758643458e+01 2.451696569570884776e+01
1.287534084575948555e+03 2.447650473623696143e+01 2.447690785565060878e+01 2.447638071267442683e+01
1.294004101850244524e+03 2.443781383893173142e+01 2.443819808724725817e+01 2.443769562124390404e+01
1.300474119124540493e+03 2.440093416601570198e+01 2.440130042663986387e+01 2.440082148241395998e+01
1.306944136398836463e+03 2.436578092922735550e+01 2.436613004421212736e+01 2.436567352064633951e+01
1.313414153673132432e+03 2.433227330947443079e+01 2.433260608145309334e+01 2.433217092897660905e+01
1.319884170947428402e+03 2.430033427102671340e+01 2.430065146505882012e+01 2.430023668323354968e+01
1.326354188221724371e+03 2.426989038438875923e+01 2.427019272971983810e+01 2.426979736494126882e+01
1.332824205496020340e+03 2.424087165751575412e+01 2.424115984925344947e+01 2.424078299255728552e+01
1.339294222770316310e+03 2.421321137485654162e+01 2.421348607556819843e+01 2.421312686054210417e+01
1.345764240044612279e+03 2.418684594401497634e+01 2.418710778525155547e+01 2.418676538604154302e+01
1.352234257318908249e+03 2.416171474950584752e+01 2.416196433325364978e+01 2.416163796266658892e+01
1.358704274593204218e+03 2.413776001342893096e+01 2.413799791349424595e+01 2.413768682118706010e+01
1.365174291867500187e+03 2.411492666262262219e+01 2.411515342594952926e+01 2.411485689670541888e+01
1.371644309141796157e+03 2.409316220202998693e+01 2.409337834995892536e+01 2.409309570204197826e+01
1.378114326416092126e+03 2.407241659405633527e+01 2.407262262352281823e+01 2.407235320711060922e+01
1.384584343690388096e+03 2.405264214347840834e+01 2.405283852815449563e+01 2.405258172384503723e+01
1.391054360964684065e+03 2.403379338781587649e+01 2.403398057919997655e+01 2.403373579658722292e+01
1.397524378238980034e+03 2.401582699282596423e+01 2.401600542128090865e+01 2.401577209759670950e+01
1.403994395513276004e+03 2.399870165284067980e+01 2.399887172858240092e+01 2.399864932740365475e+01
1.410464412787571973e+03 2.398237799581539775e+01 2.398254010985669993e+01 2.398232811987224977e+01
1.416934430061867943e+03 2.396681849284010468e+01 2.396697301788941559e+01 2.396677095172316285e+01
1.423404447336163912e+03 2.395198737181931392e+01 2.395213466313771278e+01 2.395194205622908612e+01
1.429874464610459881e+03 2.393785053523856732e+01 2.393799093145651113e+01 2.393780734099237861e+01
1.436344481884755851e+03 2.392437548178224915e+01 2.392450930567764544e+01 2.392433430957441942e+01
1.442814499159051820e+03 2.391153123162308702e+01 2.391165879086400992e+01 2.391149198679636356e+01
1.449284516433347790e+03 2.389928825517171163e+01 2.389940984302381821e+01 2.389925084750007045e+01
1.455754533707643759e+03 2.388761840519634916e+01 2.388773430119613295e+01 2.388758274867819864e+01
1.462224550981939728e+03 2.387649485210340572e+01 2.387660532270103886e+01 2.387646086476217988e+01
1.468694568256235698e+03 2.386589202227941087e+01 2.386599732145288044e+01 2.386585962597644084e+01
1.475164585530531667e+03 2.385578553928093015e+01 2.385588590911817164e+01 2.385575465953553476e+01
1.481634602804827637e+03 2.384615216778638569e+01 2.384624783904337164e+01 2.384612273360443169e+01
1.488104620079123606e+03 2.383696976018086389e+01 2.383706095281041826e+01 2.383694170389145484e+01
1.494574637353419575e+03 2.382821720563612189e+01 2.382830412929530439e+01 2.382819046273715458e+01
1.501044654627715545e+03 2.381987438157142378e+01 2.381995723610123150e+01 2.381984889057895316e+01
1.507514671902011514e+03 2.381192210741158988e+01 2.381200108329869636e+01 2.381189780972056269e+01
1.513984689176307484e+03 2.380434210047599208e+01 2.380441737929163537e+01 2.380431894022507322e+01
1.520454706450603453e+03 2.379711693394250460e+01 2.379718868875488624e+01 2.379709485788470147e+01
1.526924723724899422e+03 2.379022999678056749e+01 2.379029839255855450e+01 2.379020895416181247e+01
1.533394740999195392e+03 2.378366545556809797e+01 2.378373064955707150e+01 2.378364539801094679e+01
1.539864758273491361e+03 2.377740821809044292e+01 2.377747036017404980e+01 2.377738909948112678e+01
1.546334775547787331e+03 2.377144389863593688e+01 2.377150313168226603e+01 2.377142567502016846e+01
1.552804792822083300e+03 2.376575878492440097e+01 2.376581524511334464e+01 2.376574141440437415e+01
1.559274810096379269e+03 2.376033980658394285e+01 2.376039362372074493e+01 2.376032324922431371e+01
1.565744827370675239e+03 2.375517450511227935e+01 2.375522580292448538e+01 2.375515872284711349e+01
1.572214844644971208e+03 2.375025100521764898e+01 2.375029990164296123e+01 2.375023596176288265e+01
1.578684861919267178e+03 2.374555798752481905e+01 2.374560459497712372e+01 2.374554364829435826e+01
1.585154879193563147e+03 2.374108466254341465e+01 2.374112908817625112e+01 2.374107099457035019e+01
1.591624896467859116e+03 2.373682074587031821e+01 2.373686309182085097e+01 2.373680771773149445e+01
1.598094913742155086e+03 2.373275643454297779e+01 2.373279679816624821e+01 2.373274401628623309e+01
1.604564931016451055e+03 2.372888238450104836e+01 2.372892085859541567e+01 2.372887054757620717e+01
1.611034948290747025e+03 2.372518968910316062e+01 2.372522636212215730e+01 2.372517840629660668e+01
1.617504965565042994e+03 2.372166985865555944e+01 2.372170481491298233e+01 2.372165910402685540e+01
1.623974982839338963e+03 2.371831480088559374e+01 2.371834812074655474e+01 2.371830454970989877e+01
1.630445000113634933e+03 2.371511680234323194e+01 2.371514856241225289e+01 2.371510703105292350e+01
1.636915017387930902e+03 2.371206851066654053e+01 2.371209878396246040e+01 2.371205919679624685e+01
1.643385034662226872e+03 2.370916291767559869e+01 2.370919177379659004e+01 2.370915403981268810e+01
1.649855051936522841e+03 2.370639334325602476e+01 2.370642084854580389e+01 2.370638488098921925e+01
1.656325069210818810e+03 2.370375342002307661e+01 2.370377963771545637e+01 2.370374535389771609e+01
1.662795086485114780e+03 2.370123707865150209e+01 2.370126206902330068e+01 2.370122939012338747e+01
1.669265103759410749e+03 2.369883853395538154e+01 2.369886235446170986e+01 2.369883120534763066e+01
1.675735121033706719e+03 2.369655227154862587e+01 2.369657497695322945e+01 2.369654528601245147e+01
1.682205138308002688e+03 2.369437303520226124e+01 2.369439467770587271e+01 2.369436637667780587e+01
1.688675155582298657e+03 2.369229581473837243e+01 2.369231644409865112e+01 2.369228946791719181e+01
1.695145172856594627e+03 2.369031583451806000e+01 2.369033549816276718e+01 2.369030978480856220e+01
1.701615190130890596e+03 2.368842854247230889e+01 2.368844728560992507e+01 2.368842277596587564e+01
1.708085207405186566e+03 2.368662959961500292e+01 2.368664746533573862e+01 2.368662410305421417e+01
1.714555224679482535e+03 2.368491487008100194e+01 2.368493189945968425e+01 2.368490963082894041e+01
1.721025241953778504e+03 2.368328041162652653e+01 2.368329664381502653e+01 2.368327541763778754e+01
1.727495259228074474e+03 2.368172246654290802e+01 2.368173793885955547e+01 2.368171770633631468e+01
1.733965276502370443e+03 2.368023745303707983e+01 2.368025220105232620e+01 2.368023291566834132e+01
1.740435293776666413e+03 2.367882195698570058e+01 2.367883601460670207e+01 2.367881763202342427e+01
1.746905311050962382e+03 2.367747272408996650e+01 2.367748612363749317e+01 2.367746860159087419e+01
1.753375328325258351e+03 2.367618665239649545e+01 2.367619942467410965e+01 2.367618272288257231e+01
1.759845345599554321e+03 2.367496078515944191e+01 2.367497295953347702e+01 2.367495703959616549e+01
1.766315362873850290e+03 2.367379230404191048e+01 2.367380390850166805e+01 2.367378873381858284e+01
1.772785380148146260e+03 2.367267852265899819e+01 2.367268958388251576e+01 2.367267511956737280e+01
1.779255397422442229e+03 2.367161688035929501e+01 2.367162742377604445e+01 2.367161363657550055e+01
1.785725414696738198e+03 2.367060493637404761e+01 2.367061498622558702e+01 2.367060184444039805e+01
1.792195431971034168e+03 2.366964036419744843e+01 2.366964994358863805e+01 2.366963741700550372e+01
1.798665449245330137e+03 2.366872094621720635e+01 2.366873007717242672e+01 2.366871813699106042e+01
1.805135466519626107e+03 2.366784456865366337e+01 2.366785327216507540e+01 2.366784189093488067e+01
1.811605483793922076e+03 2.366700921667234070e+01 2.366701751274820253e+01 2.366700666430489264e+01
1.818075501068218045e+03 2.366621296975063160e+01 2.366622087746463876e+01 2.366621053686634468e+01
1.824545518342514015e+03 2.366545399727874610e+01 2.366546153481220927e+01 2.366545167828405738e+01
1.831015535616809984e+03 2.366473055433442596e+01 2.366473773901617506e+01 2.366472834389838908e+01
1.837485552891105954e+03 2.366404097769674308e+01 2.366404782604325874e+01 2.366403887073715850e+01
1.843955570165401923e+03 2.366338368198017861e+01 2.366339020973788365e+01 2.366338167365302070e+01
1.850425587439697892e+03 2.366275715603217122e+01 2.366276337820869458e+01 2.366275524171993538e+01
1.856895604713993862e+03 2.366215995944054384e+01 2.366216589033899709e+01 2.366215813474269680e+01
1.863365621988289831e+03 2.366159071921725854e+01 2.366159637247392311e+01 2.366158897993841492e+01
1.869835639262585801e+03 2.366104812664946166e+01 2.366105351526420009e+01 2.366104646879063012e+01
1.876305656536881770e+03 2.366053093430241461e+01 2.366053607066169207e+01 2.366052935405230073e+01
1.882775673811177739e+03 2.366003795311621616e+01 2.366004284902777499e+01 2.366003644684207075e+01
1.889245691085473709e+03 2.365956804968823235e+01 2.365957271640917270e+01 2.365956661392635851e+01
1.895715708359769678e+03 2.365912014369439476e+01 2.365912459195465090e+01 2.365911877514417938e+01
1.902185725634065648e+03 2.365869320538342890e+01 2.365869744540748343e+01 2.365869190089892982e+01
1.908655742908361617e+03 2.365828625319466028e+01 2.365829029473223954e+01 2.365828500977653448e+01
1.915125760182657586e+03 2.365789835152310161e+01 2.365790220386458031e+01 2.365789716631297779e+01
1.921595777456953556e+03 2.365752860857577389e+01 2.365753228058014201e+01 2.365752747884829432e+01
1.928065794731249525e+03 2.365717617427651476e+01 2.365717967438359892e+01 2.365717509743461733e+01
1.934535812005545495e+03 2.365684023836365668e+01 2.365684357462225762e+01 2.365683921193169681e+01
1.941005829279841464e+03 2.365652002850572444e+01 2.365652320858521307e+01 2.365651905012384759e+01
1.947475846554137433e+03 2.365621480853701541e+01 2.365621783974665959e+01 2.365621387595592751e+01
1.953945863828433403e+03 2.365592387673035546e+01 2.365592676604137523e+01 2.365592298780575220e+01
1.960415881102729372e+03 2.365564656422293410e+01 2.365564931827645978e+01 2.365564571691146512e+01
1.966885898377025342e+03 2.365538223345214419e+01 2.365538485858343165e+01 2.365538142580544445e+01
1.973355915651321311e+03 2.365513027673392799e+01 2.365513277897633770e+01 2.365512950689515037e+01
1.979825932925617280e+03 2.365489011477654913e+01 2.365489249988161191e+01 2.365488938097610117e+01
1.986295950199913250e+03 2.365466119542571732e+01 2.365466346887643567e+01 2.365466049597648635e+01
1.992765967474209219e+03 2.365444299240920145e+01 2.365444515943448778e+01 2.365444232570280292e+01
1.999235984748505189e+03 2.365423500404506285e+01 2.365423706962457118e+01 2.365423436854933925e+01
