7.394305456071300188e-04 2.365000000000003411e+01 2.365000000000003411e+01 2.365000000000003411e+01
7.395044886618018509e+00 2.365000000000003411e+01 2.365000000000003411e+01 2.365000000000003411e+01
1.478935034269235338e+01 2.526245001392663880e+01 2.373351817855916579e+01 2.365572938373281886e+01
2.218365579876668647e+01 2.570912720110788996e+01 2.398143466357817033e+01 2.375781595669781154e+01
2.957796125484102134e+01 2.603355486636519345e+01 2.423325976951679195e+01 2.394534272182568202e+01
3.697226671091535621e+01 2.630391298460193639e+01 2.447517721919592759e+01 2.416155849895460506e+01
4.436657216698969108e+01 2.654538659307644366e+01 2.470549249988482643e+01 2.438161418636013877e+01
5.176087762306402595e+01 2.676826936289256764e+01 2.492403727744431308e+01 2.459601184714637157e+01
5.915518307913836082e+01 2.697700978319971910e+01 2.513113081723309961e+01 2.480137870649059550e+01
6.654948853521268859e+01 2.717372797934115169e+01 2.532726192796206988e+01 2.499674425953264745e+01
7.394379399128702346e+01 2.735960475977702799e+01 2.551296700290538411e+01 2.518206800146703017e+01
8.133809944736135833e+01 2.753543147507048161e+01 2.568878293488717190e+01 2.535765862860858988e+01
8.873240490343569320e+01 2.770182826696191114e+01 2.585522948875097882e+01 2.552394551049007987e+01
9.612671035951002807e+01 2.785933123209179030e+01 2.601280325971703178e+01 2.568138931073241338e+01
1.035210158155843629e+02 2.800842773852622258e+01 2.616197616055524122e+01 2.583044754300368595e+01
1.109153212716586978e+02 2.814957120840171001e+01 2.630319565167945939e+01 2.597156178782830693e+01
1.183096267277330327e+02 2.828318774255524204e+01 2.643688561580717078e+01 2.610515342451651577e+01
1.257039321838073676e+02 2.840967947976349706e+01 2.656344744553342707e+01 2.623162268605869940e+01
1.330982376397837186e+02 2.852942662613901348e+01 2.668326117547309195e+01 2.635134898755177346e+01
1.404925430957159449e+02 2.864278892161166823e+01 2.679668659456621072e+01 2.646469172043003937e+01
1.478868485516481712e+02 2.875010684854606779e+01 2.690406431509461527e+01 2.657199119533999010e+01
1.552811540075803975e+02 2.885170270490687017e+01 2.700571679101523159e+01 2.667356961019441997e+01
1.626754594635126239e+02 2.894788159216381018e+01 2.710194928451323904e+01 2.676973199644635315e+01
1.700697649194448502e+02 2.903893233942557117e+01 2.719305078199772652e+01 2.686076712668170785e+01
1.774640703753770765e+02 2.912512837392409892e+01 2.727929486164981654e+01 2.694694837848027191e+01
1.848583758313093028e+02 2.920672854335469992e+01 2.736094051486981016e+01 2.702853455405659133e+01
1.922526812872415292e+02 2.928397789368534632e+01 2.743823292398661806e+01 2.710577065692456245e+01
1.996469867431737555e+02 2.935710840522284570e+01 2.751140419852339392e+01 2.717888862743927803e+01
2.070412921991059818e+02 2.942633968933313326e+01 2.758067407222199563e+01 2.724810803923838876e+01
2.144355976550382081e+02 2.949187964795362404e+01 2.764625056289060012e+01 2.731363675858057150e+01
2.218299031109704345e+02 2.955392509795126443e+01 2.770833059709667623e+01 2.737567156857011241e+01
2.292242085669026608e+02 2.961266236215396930e+01 2.776710060152231563e+01 2.743439876007926159e+01
2.366185140228348871e+02 2.966826782889154401e+01 2.782273706281546310e+01 2.748999469118780326e+01
2.440128194787671134e+02 2.972090848169074206e+01 2.787540705757936621e+01 2.754262631678614071e+01
2.514071249346993397e+02 2.977074240072107614e+01 2.792526875409805598e+01 2.759245168993464858e+01
2.588014303906315945e+02 2.981791923751626427e+01 2.797247188732052336e+01 2.763962043650406031e+01
2.661957358465638208e+02 2.986258066437835623e+01 2.801715820851734406e+01 2.768427420450097998e+01
2.735900413024960471e+02 2.990486079981866396e+01 2.805946191095745235e+01 2.772654708943724700e+01
2.809843467584282735e+02 2.994488661131714480e+01 2.809951003289285154e+01 2.776656603701940185e+01
2.883786522143604998e+02 2.998277829660747784e+01 2.813742283905548902e+01 2.780445122436896099e+01
2.957729576702927261e+02 3.001864964463158003e+01 2.817331418181345271e+01 2.784031642091434833e+01
3.031672631262249524e+02 3.005260837724341627e+01 2.820729184306486559e+01 2.787426933003661134e+01
3.105615685821571788e+02 3.008475647270444142e+01 2.823945785791403296e+01 2.790641191250904285e+01
3.179558740380894051e+02 3.011519047192206244e+01 2.826990882108060532e+01 2.793684069268408621e+01
3.253501794940216314e+02 3.014400176836949186e+01 2.829873617698052612e+01 2.796564704836146120e+01
3.327444849499538577e+02 3.017127688252151074e+01 2.832602649431470354e+01 2.799291748517930500e+01
3.401387904058860840e+02 3.019709772170216411e+01 2.835186172606313448e+01 2.801873389641514223e+01
3.475330958618183104e+02 3.022154182603270556e+01 2.837631945556779556e+01 2.804317380889369815e+01
3.549274013177505367e+02 3.024468260129060582e+01 2.839947312952244829e+01 2.806631061580367259e+01
3.623217067736827630e+02 3.026658953935708496e+01 2.842139227854340788e+01 2.808821379710968813e+01
3.697160122296149893e+02 3.028732842688293658e+01 2.844214272595070270e+01 2.810894912818076818e+01
3.771103176855472157e+02 3.030696154286528099e+01 2.846178678545652474e+01 2.812857887733434836e+01
3.845046231414794420e+02 3.032554784566036687e+01 2.848038344827972423e+01 2.814716199281548370e+01
3.918989285974116683e+02 3.034314315003143747e+01 2.849798856029514127e+01 2.816475427981623625e+01
3.992932340533438946e+02 3.035980029478804454e+01 2.851465498976500612e+01 2.818140856808480521e+01
4.066875395092761210e+02 3.037556930141403200e+01 2.853043278605457544e+01 2.819717487052730576e+01
4.140818449652083473e+02 3.039049752432794094e+01 2.854536932997854137e+01 2.821210053344128710e+01
4.214761504211405736e+02 3.040462979307358182e+01 2.855950947606839918e+01 2.822623037868328311e+01
4.288704558770727999e+02 3.041800854692047551e+01 2.857289568724911533e+01 2.823960683824441276e+01
4.362647613330050262e+02 3.043067396234118860e+01 2.858556816238797182e+01 2.825227008170793397e+01
4.436590667889372526e+02 3.044266407366222893e+01 2.859756495701213908e+01 2.826425813687774280e+01
4.510533722448694789e+02 3.045401488724161254e+01 2.860892209754888427e+01 2.827560700393712523e+01
4.584476777008017052e+02 3.046476048963251060e+01 2.861967368955191660e+01 2.828635076359449840e+01
4.658419831567339315e+02 3.047493314994142111e+01 2.862985202011424235e+01 2.829652167942168717e+01
4.732362886126661579e+02 3.048456341673420411e+01 2.863948765482990666e+01 2.830615029474648736e+01
4.806305940685983842e+02 3.049368020974611682e+01 2.864860952955336870e+01 2.831526552434462474e+01
4.880248995245306105e+02 3.050231090675396217e+01 2.865724503732235462e+01 2.832389474129809059e+01
4.954192049804628368e+02 3.051048142578849820e+01 2.866542011061432049e+01 2.833206385919277182e+01
5.028135104363950632e+02 3.051821630296382182e+01 2.867315929921966244e+01 2.833979740993544283e+01
5.102078158923272895e+02 3.052553876616940443e+01 2.868048584397553213e+01 2.834711861743204508e+01
5.176021213486901615e+02 3.053247080479940223e+01 2.868742174653249322e+01 2.835404946730574238e+01
5.249964268051908221e+02 3.053903323579771723e+01 2.869398783543806530e+01 2.836061077293084054e+01
5.323907322616914826e+02 3.054524576618069887e+01 2.870020382869307696e+01 2.836682223794394986e+01
5.397850377181921431e+02 3.055112705221119995e+01 2.870608839295954340e+01 2.837270251540894606e+01
5.471793431746928036e+02 3.055669475542441660e+01 2.871165919961754298e+01 2.837826926383235104e+01
5.545736486311934641e+02 3.056196559566478754e+01 2.871693297783070875e+01 2.838353920019079624e+01
5.619679540876941246e+02 3.056695540129794608e+01 2.872192556478762526e+01 2.838852815013586905e+01
5.693622595441947851e+02 3.057167915674341430e+01 2.872665195326021603e+01 2.839325109551720061e+01
5.767565650006954456e+02 3.057615104745690360e+01 2.873112633661094151e+01 2.839772221935839980e+01
5.841508704571961061e+02 3.058038450254974805e+01 2.873536215143707295e+01 2.840195494846790325e+01
5.915451759136967667e+02 3.058439223510976035e+01 2.873937211791229629e+01 2.840596199375266906e+01
5.989394813701974272e+02 3.058818628038000043e+01 2.874316827798799068e+01 2.840975538839262526e+01
6.063337868266980877e+02 3.059177803190073064e+01 2.874676203155547682e+01 2.841334652397398486e+01
6.137280922831987482e+02 3.059517827572091164e+01 2.875016417067593011e+01 2.841674618469568259e+01
6.211223977396994087e+02 3.059839722279235730e+01 2.875338491199244118e+01 2.841996457975886869e+01
6.285167031962000692e+02 3.060144453963130218e+01 2.875643392740954596e+01 2.842301137402171207e+01
6.359110086527007297e+02 3.060432937734600500e+01 2.875932037313651790e+01 2.842589571702364992e+01
6.433053141092013902e+02 3.060706039912315646e+01 2.876205291718855506e+01 2.842862627046520174e+01
6.506996195657020507e+02 3.060964580623408438e+01 2.876463976540861722e+01 2.843121123421201446e+01
6.580939250222027113e+02 3.061209336267808112e+01 2.876708868612325887e+01 2.843365837093102755e+01
6.654882304787033718e+02 3.061441041847643874e+01 2.876940703345138672e+01 2.843597502938382604e+01
6.728825359352040323e+02 3.061660393176117623e+01 2.877160176940344627e+01 2.843816816650911505e+01
6.802768413917046928e+02 3.061868048965703792e+01 2.877367948477512982e+01 2.844024436830164859e+01
6.876711468482053533e+02 3.062064632808659326e+01 2.877564641896555031e+01 2.844220986961488506e+01
6.950654523047060138e+02 3.062250735046467298e+01 2.877750847867991979e+01 2.844407057285155815e+01
7.024597577612066743e+02 3.062426914546074386e+01 2.877927125570295175e+01 2.844583206572229983e+01
7.098540632177073348e+02 3.062593700374691252e+01 2.878094004365487990e+01 2.844749963799210946e+01
7.172483686742079954e+02 3.062751593391544702e+01 2.878251985392114420e+01 2.844907829739406679e+01
7.246426741307086559e+02 3.062901067750334505e+01 2.878401543068105184e+01 2.845057278465264972e+01
7.320369795872093164e+02 3.063042572323035984e+01 2.878543126515609174e+01 2.845198758771749681e+01
7.394312850437099769e+02 3.063176532049016032e+01 2.878677160910910970e+01 2.845332695525320332e+01
7.468255905002106374e+02 3.063303349209905946e+01 2.878804048759843681e+01 2.845459490938668523e+01
7.542198959567112979e+02 3.063423404638103875e+01 2.878924171107087204e+01 2.845579525778913421e+01
7.616142014132119584e+02 3.063537058861226114e+01 2.879037888681216373e+01 2.845693160511768838e+01
7.690085068697126189e+02 3.063644653183092714e+01 2.879145542976294792e+01 2.845800736382597051e+01
7.764028123262132794e+02 3.063746510710547000e+01 2.879247457279222999e+01 2.845902576442762211e+01
7.837971177827139400e+02 3.063842937321481941e+01 2.879343937638509487e+01 2.845998986517787444e+01
7.911914232392146005e+02 3.063934222586578926e+01 2.879435273786111793e+01 2.846090256128616147e+01
7.985857286957152610e+02 3.064020640634993242e+01 2.879521740004059893e+01 2.846176659357428207e+01
8.059800341522159215e+02 3.064102450981448555e+01 2.879603595951704165e+01 2.846258455674478682e+01
8.133743396087165820e+02 3.064179899302547483e+01 2.879681087442560283e+01 2.846335890714169636e+01
8.207686450652172425e+02 3.064253218175866778e+01 2.879754447183961474e+01 2.846409197014236270e+01
8.281629505217179030e+02 3.064322627778807373e+01 2.879823895475885820e+01 2.846478594714307064e+01
8.355572559782185635e+02 3.064388336547898462e+01 2.879889640871084566e+01 2.846544292215190808e+01
8.429515614347192241e+02 3.064450541807883610e+01 2.879951880804418352e+01 2.846606486807780811e+01
8.503458668912198846e+02 3.064509430361317754e+01 2.880010802182380303e+01 2.846665365262560954e+01
8.577401723477205451e+02 3.064565179050663346e+01 2.880066581946107362e+01 2.846721104391718882e+01
8.651344778042212056e+02 3.064617955289611473e+01 2.880119387602582037e+01 2.846773871580205650e+01
8.725287832607218661e+02 3.064667917565884636e+01 2.880169377727952451e+01 2.846823825288589660e+01
8.799230887172225266e+02 3.064715215915816771e+01 2.880216702442010046e+01 2.846871115527460461e+01
8.873173941737231871e+02 3.064759992376360742e+01 2.880261503860981520e+01 2.846915884309436251e+01
8.947116996302238476e+02 3.064802381411686838e+01 2.880303916524036367e+01 2.846958266075580468e+01
9.021060050867245081e+02 3.064842510317504320e+01 2.880344067797744856e+01 2.846998388099797239e+01
9.095003105432251687e+02 3.064880499600059238e+01 2.880382078255581746e+01 2.847036370867692767e+01
9.168946159997258292e+02 3.064916463341427288e+01 2.880418062043213467e+01 2.847072328441709033e+01
9.242889214562264897e+02 3.064950509541228030e+01 2.880452127220405600e+01 2.847106368803036958e+01
9.316832269127271502e+02 3.064982740439938880e+01 2.880484376084621090e+01 2.847138594174543869e+01
9.390775323692278107e+02 3.065013252828191526e+01 2.880514905480509924e+01 2.847169101330280228e+01
9.464718378257284712e+02 3.065042138334035826e+01 2.880543807087184405e+01 2.847197981882675322e+01
9.538661432822291317e+02 3.065069483700813180e+01 2.880571167696308521e+01 2.847225322560075256e+01
9.612604487387297922e+02 3.065095371046885475e+01 2.880597069471980376e+01 2.847251205466790225e+01
9.686547541952304528e+02 3.065119878111551088e+01 2.880621590196994930e+01 2.847275708328783139e+01
9.760490596517311133e+02 3.065143078489870732e+01 2.880644803507237839e+01 2.847298904728569369e+01
9.834433651082317738e+02 3.065165041852225158e+01 2.880666779111948017e+01 2.847320864324484546e+01
9.908376705647324343e+02 3.065185834156483224e+01 2.880687583005845909e+01 2.847341653063080003e+01
9.982319760212330948e+02 3.065205517841576466e+01 2.880707277662634169e+01 2.847361333372674608e+01
1.005626281477733755e+03 3.065224152017015058e+01 2.880725922224854685e+01 2.847379964352620618e+01
1.013020586934234416e+03 3.065241792641376151e+01 2.880743572682109743e+01 2.847397601951871593e+01
1.020414892390735076e+03 3.065258492689582681e+01 2.880760282038875175e+01 2.847414299136164573e+01
1.027809197846650022e+03 2.944733933296765827e+01 2.880703505378085083e+01 2.847430105723583438e+01
1.035203503302013814e+03 2.881076179536353266e+01 2.861333846005993564e+01 2.843718157281284675e+01
1.042597808757377607e+03 2.843468289328853871e+01 2.835937361467000528e+01 2.828644169003865727e+01
1.049992114212741399e+03 2.814011599182981627e+01 2.811184051104322634e+01 2.808108870919181754e+01
1.057386419668105191e+03 2.788513083277894111e+01 2.787533052610854156e+01 2.786138422999425757e+01
1.064780725123468983e+03 2.765316378553723098e+01 2.765058980718015391e+01 2.764338087015516976e+01
1.072175030578832775e+03 2.743728791190358152e+01 2.743750013225479734e+01 2.743304401361717737e+01
1.079569336034196567e+03 2.723439338546131694e+01 2.723564101789673941e+01 2.723235837997930275e+01
1.086963641489560359e+03 2.704289824836325806e+01 2.704449297000201113e+01 2.704175517102805770e+01
1.094357946944924151e+03 2.686184309428955430e+01 2.686351622476149714e+01 2.686107053230352903e+01
1.101752252400287944e+03 2.669053234061857438e+01 2.669218084369913413e+01 2.668992329556459708e+01
1.109146557855651736e+03 2.652839152801863065e+01 2.652997765430865229e+01 2.652786329282645283e+01
1.116540863311015528e+03 2.637491003308366544e+01 2.637642167299674156e+01 2.637442906270291587e+01
1.123935168766379320e+03 2.622961757965390461e+01 2.623105260543923123e+01 2.622916980131265063e+01
1.131329474221743112e+03 2.609207415100701155e+01 2.609343423752517310e+01 2.609165322994175540e+01
1.138723779677106904e+03 2.596186524036403398e+01 2.596315343093442607e+01 2.596146794072939201e+01
1.146118085132470696e+03 2.583859925150574099e+01 2.583981900321253988e+01 2.583822360104983318e+01
1.153512390587834489e+03 2.572190578753458112e+01 2.572306060075135292e+01 2.572155035029533110e+01
1.160906696043198281e+03 2.561143432706256817e+01 2.561252760546977925e+01 2.561109791400087943e+01
1.168301001498562073e+03 2.550685308801257634e+01 2.550788808935089946e+01 2.550653464080539834e+01
1.175695306953925865e+03 2.540784799825200935e+01 2.540882782060714362e+01 2.540754654160440396e+01
1.183089612409289657e+03 2.531412173937877697e+01 2.531504932119992191e+01 2.531383636050856012e+01
1.190483917864653449e+03 2.522539284871885457e+01 2.522627097397315765e+01 2.522512268766581656e+01
1.197878223320017241e+03 2.514139487205363821e+01 2.514222617713772934e+01 2.514113911635041632e+01
1.205272528775381033e+03 2.506187556265211924e+01 2.506266254373508673e+01 2.506163344380007629e+01
1.212666834230744826e+03 2.498659612345397818e+01 2.498734114374769888e+01 2.498636691418556666e+01
1.220061139686108618e+03 2.491533048983188792e+01 2.491603578659794493e+01 2.491511350175818507e+01
1.227455445141472410e+03 2.484786465067412564e+01 2.484853234190808280e+01 2.484765923215036310e+01
1.234849750596836202e+03 2.478399600568474170e+01 2.478462809646043752e+01 2.478380153982641332e+01
1.242244056052199994e+03 2.472353275696804076e+01 2.472413114545571489e+01 2.472334865978859852e+01
1.249638361507563786e+03 2.466629333304894089e+01 2.466685981621139945e+01 2.466611905170185537e+01
1.257032666962927578e+03 2.461210584362447662e+01 2.461264212261323792e+01 2.461194085474130588e+01
1.264426972418291371e+03 2.456080756336308468e+01 2.456131524862712467e+01 2.456065137148101485e+01
1.271821277873655163e+03 2.451224444324611795e+01 2.451272505936674406e+01 2.451209657931991615e+01
1.279215583329018955e+03 2.446627064795490014e+01 2.446672563822505708e+01 2.446613066794833458e+01
1.286609888784382747e+03 2.442274811792822220e+01 2.442317884868583633e+01 2.442261560148057242e+01
1.294004194239746539e+03 2.438154615476776144e+01 2.438195391950068824e+01 2.438142070393149652e+01
1.301398499695110331e+03 2.434254102875115677e+01 2.434292705197844953e+01 2.434242226679646137e+01
1.308792805150474123e+03 2.430561560727005599e+01 2.430598104822166761e+01 2.430550317755421474e+01
1.316187110605837916e+03 2.427065900308048185e+01 2.427100495917773060e+01 2.427055256797643779e+01
1.323581416061201708e+03 2.423756624130453474e+01 2.423789375145537406e+01 2.423746548118725741e+01
1.330975721516565500e+03 2.420623794419452679e+01 2.420654799191373741e+01 2.420614255648064272e+01
1.338370026971929292e+03 2.417658003270611289e+01 2.417687354906865949e+01 2.417648973094588882e+01
1.345764332427293084e+03 2.414850344396569426e+01 2.414878131040285325e+01 2.414841795698225724e+01
1.353158637882656876e+03 2.412192386381741471e+01 2.412218691476363119e+01 2.412184293489281117e+01
1.360552943338020668e+03 2.409676147364399412e+01 2.409701049904282399e+01 2.409668485974862051e+01
1.367947248793384460e+03 2.407294071063734009e+01 2.407317645831335540e+01 2.407286818169899334e+01
1.375341554248748253e+03 2.405039004092787991e+01 2.405061321883266601e+01 2.405032137914179202e+01
1.382735859704112045e+03 2.402904174471638044e+01 2.402925302305419564e+01 2.402897674389106442e+01
1.390130165159475837e+03 2.400883171296572982e+01 2.400903172620724035e+01 2.400877017790321588e+01
1.397524470614839629e+03 2.398969925482214194e+01 2.398988860360731223e+01 2.398964100073197869e+01
1.404918776070203421e+03 2.397158691542449560e+01 2.397176616836947005e+01 2.397153176736952673e+01
1.412313081525567213e+03 2.395444030330719443e+01 2.395460999870920205e+01 2.395438809567770022e+01
1.419707386980931005e+03 2.393820792710084788e+01 2.393836857455647760e+01 2.393815850311688109e+01
1.427101692436294798e+03 2.392284104089827679e+01 2.392299312283284962e+01 2.392279425213973809e+01
1.434495997891658590e+03 2.390829349784178248e+01 2.390843747095743765e+01 2.390824920380072172e+01
1.441890303347022382e+03 2.389452161158743593e+01 2.389465790823663838e+01 2.389447967924928662e+01
1.449284608802386174e+03 2.388148402508755908e+01 2.388161305457009576e+01 2.388144432852936916e+01
1.456678914257749966e+03 2.386914158639115158e+01 2.386926373618285879e+01 2.386910400640357466e+01
1.464073219713113758e+03 2.385745723108362881e+01 2.385757286800139809e+01 2.385742165481400434e+01
1.471467525168477550e+03 2.384639587099229630e+01 2.384650534229399454e+01 2.384636219160518067e+01
1.478861830623841342e+03 2.383592428879097724e+01 2.383602792322000141e+01 2.383589240514641006e+01
1.486256136079205135e+03 2.382601103825277278e+01 2.382610914702354421e+01 2.382598085460415405e+01
1.493650441534568927e+03 2.381662634982779991e+01 2.381671922756135018e+01 2.381659777553375079e+01
1.501044746989932719e+03 2.380774204125458482e+01 2.380782996686377828e+01 2.380771499050615603e+01
1.508439052445296511e+03 2.379933143290674025e+01 2.379941467043232706e+01 2.379930582447036613e+01
1.515833357900660303e+03 2.379136926768040894e+01 2.379144806708558235e+01 2.379134502465393552e+01
1.523227663356024095e+03 2.378383163514541820e+01 2.378390623306535190e+01 2.378380868472675047e+01
1.530621968811387887e+03 2.377669589973970687e+01 2.377676652019107451e+01 2.377667417300853003e+01
1.538016274266751680e+03 2.376994063282143088e+01 2.377000748787889961e+01 2.376992006453269823e+01
1.545410579722115472e+03 2.376354554828930077e+01 2.376360883871853957e+01 2.376352607667553229e+01
1.552804885177479264e+03 2.375749144166888982e+01 2.375755135753104241e+01 2.375747300825736374e+01
1.560199190632843056e+03 2.375176013244197293e+01 2.375181685366607098e+01 2.375174268187686266e+01
1.567593496088206848e+03 2.374633440945871143e+01 2.374638810637753750e+01 2.374631788933595544e+01
1.574987801543570640e+03 2.374119797923782471e+01 2.374124881310518731e+01 2.374118233994767024e+01
1.582382106998934432e+03 2.373633541704606387e+01 2.373638354051439592e+01 2.373632061162311402e+01
1.589776412454298224e+03 2.373173212058452464e+01 2.373177767816918049e+01 2.373171810456830144e+01
1.597170717909662017e+03 2.372737426613321077e+01 2.372741739464493094e+01 2.372736099743320892e+01
1.604565023365025809e+03 2.372324876703243035e+01 2.372328959598593201e+01 2.372323620580283432e+01
1.611959328820389601e+03 2.371934323438597403e+01 2.371938188638995371e+01 2.371933134290566159e+01
1.619353634275753393e+03 2.371564593985647207e+01 2.371568253098428158e+01 2.371563468241510009e+01
1.626747939731117185e+03 2.371214578044987320e+01 2.371218042058438868e+01 2.371213512324106887e+01
1.634142245186480977e+03 2.370883224516671817e+01 2.370886503833281722e+01 2.370882215618695454e+01
1.641536550641844769e+03 2.370569538344102511e+01 2.370572642811640662e+01 2.370568583239304417e+01
1.648930856097208562e+03 2.370272577526020541e+01 2.370275516467245325e+01 2.370271673346218222e+01
1.656325161552572354e+03 2.369991450287341195e+01 2.369994232527892564e+01 2.369990594317272325e+01
1.663719467007936146e+03 2.369725312401470774e+01 2.369727946296467280e+01 2.369724502070647532e+01
1.671113772463299938e+03 2.369473364654510306e+01 2.369475858113554523e+01 2.369472597529534141e+01
1.678508077918663730e+03 2.369234850445633356e+01 2.369237210956430317e+01 2.369234124222805349e+01
1.685902383374027522e+03 2.369009053515986807e+01 2.369011288167320117e+01 2.369008366014446665e+01
1.693296688829391314e+03 2.368795295796110167e+01 2.368797411298714906e+01 2.368794644951265127e+01
1.700690994284755106e+03 2.368592935370418218e+01 2.368594938077092138e+01 2.368592319227872167e+01
1.708085299740118899e+03 2.368401364549845312e+01 2.368403260474622130e+01 2.368400781259197174e+01
1.715479605195482691e+03 2.368220008045716440e+01 2.368221802882106886e+01 2.368219455855421529e+01
1.722873910650846483e+03 2.368048321243509236e+01 2.368050020381610921e+01 2.368047798495314282e+01
1.730268216106210275e+03 2.367885788567434702e+01 2.367887397109512904e+01 2.367885293691512061e+01
1.737662521561574067e+03 2.367731921929862438e+01 2.367733444706556156e+01 2.367731453440075029e+01
1.745056827016937859e+03 2.367586259269364746e+01 2.367587700853448496e+01 2.367585815758883427e+01
1.752451132472301651e+03 2.367448363159843439e+01 2.367449727880455157e+01 2.367447943296792801e+01
1.759845437927665444e+03 2.367317819498060771e+01 2.367319111453565483e+01 2.367317422021551465e+01
1.767239743383029236e+03 2.367194236261366314e+01 2.367195459331401253e+01 2.367193859977817283e+01
1.774634048838393028e+03 2.367077242328525699e+01 2.367078400185937426e+01 2.367076886107952305e+01
1.782028354293756820e+03 2.366966486365635092e+01 2.366967582487541222e+01 2.366966149138312403e+01
1.789422659749120612e+03 2.366861635772158934e+01 2.366862673450316379e+01 2.366861316525353232e+01
1.796816965204484404e+03 2.366762375681366848e+01 2.366763358031863618e+01 2.366762073456396820e+01
1.804211270659848196e+03 2.366668408014669467e+01 2.366669337987275412e+01 2.366668121903956035e+01
1.811605576115211989e+03 2.366579450586192479e+01 2.366580330973908985e+01 2.366579179730553051e+01
1.818999881570575781e+03 2.366495236256969292e+01 2.366496069703498506e+01 2.366494979842997282e+01
1.826394187025939573e+03 2.366415512129850640e+01 2.366416301138127665e+01 2.366415269387556464e+01
1.833788492481303365e+03 2.366340038793890699e+01 2.366340785733211760e+01 2.366339808994314353e+01
1.841182797936667157e+03 2.366268589601816075e+01 2.366269296715250903e+01 2.366268372054878455e+01
1.848577103392030949e+03 2.366200949991343805e+01 2.366201619402283995e+01 2.366200744043754867e+01
1.855971408847394741e+03 2.366136916840639515e+01 2.366137550559437841e+01 2.366136721873908755e+01
1.863365714302758533e+03 2.366076297857296140e+01 2.366076897786973632e+01 2.366076113285970450e+01
1.870760019758122326e+03 2.366018911001941660e+01 2.366019478944258481e+01 2.366018736271701073e+01
1.878154325213486118e+03 2.365964583942314903e+01 2.365965121602533827e+01 2.365964418528488977e+01
1.885548630668849910e+03 2.365913153533170998e+01 2.365913662526099870e+01 2.365912996938970991e+01
1.892942936124213702e+03 2.365864465329246968e+01 2.365864947183246159e+01 2.365864317084458435e+01
1.900337241579577494e+03 2.365818373119071794e+01 2.365818829281380431e+01 2.365818232778508445e+01
1.907731547034941286e+03 2.365774738489926676e+01 2.365775170330192623e+01 2.365774605632145722e+01
1.915125852490305078e+03 2.365733430403184911e+01 2.365733839218273715e+01 2.365733304629191025e+01
1.922520157945668871e+03 2.365694324811141769e+01 2.365694711828768959e+01 2.365694205743267275e+01
1.929914463401032663e+03 2.365657304281916140e+01 2.365657670664165835e+01 2.365657191562593198e+01
1.937308768856396455e+03 2.365622257640177395e+01 2.365622604487424496e+01 2.365622150930926182e+01
1.944703074311760247e+03 2.365589079642433035e+01 2.365589407996122873e+01 2.365588978622770355e+01
1.952097379767124039e+03 2.365557670652964362e+01 2.365557981499267726e+01 2.365557575019562364e+01
1.959491685222487831e+03 2.365527936351855942e+01 2.365528230624221351e+01 2.365527845817484831e+01
1.966885990677851623e+03 2.365499787445901347e+01 2.365500066028073434e+01 2.365499701738724525e+01
1.974280296133215415e+03 2.365473139404292624e+01 2.365473403132807562e+01 2.365473058266911721e+01
1.981674601588579208e+03 2.365447912203228498e+01 2.365448161870057220e+01 2.365447835392001252e+01
1.989068907043943000e+03 2.365424030085836193e+01 2.365424266440737711e+01 2.365423957370092012e+01
1.996463212499306792e+03 2.365401421333649523e+01 2.365401645086484450e+01 2.365401352495013043e+01
