7.568437500000000295e-04 2.365000000000003411e+01 2.365000000000003411e+01 2.365000000000003411e+01
7.569194343748484322e+00 2.365000000000003411e+01 2.365000000000003411e+01 2.365000000000003411e+01
1.513763184375311077e+01 2.514779114949578798e+01 2.373324803790200122e+01 2.365635628774066390e+01
2.270606934375824082e+01 2.555449662657684939e+01 2.396290751104652372e+01 2.375406753184978470e+01
3.027450684376337264e+01 2.585292814584613552e+01 2.419599796522697943e+01 2.392926855531624142e+01
3.784294434374107396e+01 2.610338282881309624e+01 2.442072439618215185e+01 2.413078608401940528e+01
4.541138184371067865e+01 2.632832134940946389e+01 2.463551445822389496e+01 2.433628725673736426e+01
5.297981934368028334e+01 2.653692755359838884e+01 2.484014781842773800e+01 2.453716363654513088e+01
6.054825684364988803e+01 2.673315127897774346e+01 2.503484652011837852e+01 2.473030416680757071e+01
6.811669434361949982e+01 2.691885168324910182e+01 2.521999069804041937e+01 2.491476603932881062e+01
7.568513184358910451e+01 2.709504391080338337e+01 2.539600871843458663e+01 2.509045248064444422e+01
8.325356934355870919e+01 2.726239446836137859e+01 2.556333436192090858e+01 2.525758872837593572e+01
9.082200684352831388e+01 2.742141847747160455e+01 2.572239051320104863e+01 2.541651476426471845e+01
9.839044434349791857e+01 2.757255859313096380e+01 2.587358333387641096e+01 2.556760371090672379e+01
1.059588818434675233e+02 2.771621693320463464e+01 2.601730056323475537e+01 2.571123006263405841e+01
1.135273193434371279e+02 2.785276833123333518e+01 2.615391142678402048e+01 2.584775766134117703e+01
1.210957568434067326e+02 2.798256614917386287e+01 2.628376715395472729e+01 2.597753547870007651e+01
1.286641943433763515e+02 2.810594511038362953e+01 2.640720171012850415e+01 2.610089646875013614e+01
1.362326318433459562e+02 2.822322292412246725e+01 2.652453258769270406e+01 2.621815761284557311e+01
1.438010693433155609e+02 2.833470140581999885e+01 2.663606159576511345e+01 2.632962041302602074e+01
1.513695068432851656e+02 2.844066737365335484e+01 2.674207562582409992e+01 2.643557153978690621e+01
1.589379443432547703e+02 2.854139343408417062e+01 2.684284738547933102e+01 2.653628351881752678e+01
1.665063818432243750e+02 2.863713870203781653e+01 2.693863609828815697e+01 2.663201541191727983e+01
1.740748193431939796e+02 2.872814947494737225e+01 2.702968816989954348e+01 2.672301347540610550e+01
1.816432568431635843e+02 2.881465986931914358e+01 2.711623782165071361e+01 2.680951179043546517e+01
1.892116943431331890e+02 2.889689242415431636e+01 2.719850769297130455e+01 2.689173286387779171e+01
1.967801318431027937e+02 2.897505867387485523e+01 2.727670941405386884e+01 2.696988820020055755e+01
2.043485693430723984e+02 2.904935969264749929e+01 2.735104415022374269e+01 2.704417884533114602e+01
2.119170068430420031e+02 2.911998661171463709e+01 2.742170311942294347e+01 2.711479590376103488e+01
2.194854443430116078e+02 2.918712111108135332e+01 2.748886808408786919e+01 2.718192103010323990e+01
2.270538818429812125e+02 2.925093588688343971e+01 2.755271181871790986e+01 2.724572689637255962e+01
2.346223193429508171e+02 2.931159509562047560e+01 2.761339855430350099e+01 2.730637763614544156e+01
2.421907568429204218e+02 2.936925477644450666e+01 2.767108440080551190e+01 2.736402926678675840e+01
2.497591943428900265e+02 2.942406325255120692e+01 2.772591774872785209e+01 2.741883009078338773e+01
2.573276318429095113e+02 2.947616151272490015e+01 2.777803965083450066e+01 2.747092107723500476e+01
2.648960693431633331e+02 2.952568357401941057e+01 2.782758418499588515e+01 2.752043622448496762e+01
2.724645068434171549e+02 2.957275682650447379e+01 2.787467879909064550e+01 2.756750290481676302e+01
2.800329443436709767e+02 2.961750236094320599e+01 2.791944463883197614e+01 2.761224219208787645e+01
2.876013818439247984e+02 2.966003528030955749e+01 2.796199685942701763e+01 2.765476917320188477e+01
2.951698193441786202e+02 2.970046499586749178e+01 2.800244492179024292e+01 2.769519324414687844e+01
3.027382568444324420e+02 2.973889550861770203e+01 2.804089287411738951e+01 2.773361839140397933e+01
3.103066943446862638e+02 2.977542567683639163e+01 2.807743961954605538e+01 2.777014345944689921e+01
3.178751318449400856e+02 2.981014947036561580e+01 2.811217917056131910e+01 2.780486240499828909e+01
3.254435693451939073e+02 2.984315621235595017e+01 2.814520089084805932e+01 2.783786453873756273e+01
3.330120068454477291e+02 2.987453080902474767e+01 2.817658972515403093e+01 2.786923475502828751e+01
3.405804443457015509e+02 2.990435396807401958e+01 2.820642641780574422e+01 2.789905375030394907e+01
3.481488818459553727e+02 2.993270240630516810e+01 2.823478772041806906e+01 2.792739823065534210e+01
3.557173193462091945e+02 2.995964904695784981e+01 2.826174658932308148e+01 2.795434110914067105e+01
3.632857568464630162e+02 2.998526320731002670e+01 2.828737237325486831e+01 2.797995169336047638e+01
3.708541943467168380e+02 3.000961077697388646e+01 2.831173099172571028e+01 2.800429586372740687e+01
3.784226318469706598e+02 3.003275438739558467e+01 2.833488510460347243e+01 2.802743624294373603e+01
3.859910693472244816e+02 3.005475357297643768e+01 2.835689427330601120e+01 2.804943235709833971e+01
3.935595068474783034e+02 3.007566492420255599e+01 2.837781511400010004e+01 2.807034078877705952e+01
4.011279443477321252e+02 3.009554223322527378e+01 2.839770144324734247e+01 2.809021532262033816e+01
4.086963818479859469e+02 3.011443663224071088e+01 2.841660441644791035e+01 2.810910708368589894e+01
4.162648193482397687e+02 3.013239672502066924e+01 2.843457265942930690e+01 2.812706466895951962e+01
4.238332568484935905e+02 3.014946871192603339e+01 2.845165239351780428e+01 2.814413427235172094e+01
4.314016943487474123e+02 3.016569650876829201e+01 2.846788755445425068e+01 2.816035980354286039e+01
4.389701318490012341e+02 3.018112185977292938e+01 2.848331990540719971e+01 2.817578300093043708e+01
4.465385693492550558e+02 3.019578444496619340e+01 2.849798914440941644e+01 2.819044353900034139e+01
4.541070068495088776e+02 3.020972198223273608e+01 2.851193300646127682e+01 2.820437913037125099e+01
4.616754443497626994e+02 3.022297032435432129e+01 2.852518736061523441e+01 2.821762562281975306e+01
4.692438818500165212e+02 3.023556355123605499e+01 2.853778630224110202e+01 2.823021709149247727e+01
4.768123193502703430e+02 3.024753405757167002e+01 2.854976224073340063e+01 2.824218592656058036e+01
4.843807568505241647e+02 3.025891263617421600e+01 2.856114598287854278e+01 2.825356291653764629e+01
4.919491943507779865e+02 3.026972855719310473e+01 2.857196681210922407e+01 2.826437732748706821e+01
4.995176318510318083e+02 3.028000964339003076e+01 2.858225256381223289e+01 2.827465697828540669e+01
5.070860693512856301e+02 3.028978234173069950e+01 2.859202969695508045e+01 2.828442831220655762e+01
5.146545068513401020e+02 3.029907179140855078e+01 2.860132336213922599e+01 2.829371646493365233e+01
5.222229443510254896e+02 3.030790188851318590e+01 2.861015746629857404e+01 2.830254532922037924e+01
5.297913818507108772e+02 3.031629534749902177e+01 2.861855473419439022e+01 2.831093761634980410e+01
5.373598193503962648e+02 3.032427375961754024e+01 2.862653676687710913e+01 2.831891491455883170e+01
5.449282568500816524e+02 3.033185764846064103e+01 2.863412409725140151e+01 2.832649774457365766e+01
5.524966943497670400e+02 3.033906652274743010e+01 2.864133624288939473e+01 2.833370561239024710e+01
5.600651318494524276e+02 3.034591892651729950e+01 2.864819175624666059e+01 2.834055705945883119e+01
5.676335693491378152e+02 3.035243248682212425e+01 2.865470827237300000e+01 2.834706971037019230e+01
5.752020068488232027e+02 3.035862395908236522e+01 2.866090255429264744e+01 2.835326031820511616e+01
5.827704443485085903e+02 3.036450927017830281e+01 2.866679053611392192e+01 2.835914480762085077e+01
5.903388818481939779e+02 3.037010355942851447e+01 2.867238736402481436e+01 2.836473831582185312e+01
5.979073193478793655e+02 3.037542121752784396e+01 2.867770743525102262e+01 2.837005523149389319e+01
6.054757568475647531e+02 3.038047592356537052e+01 2.868276443508932516e+01 2.837510923181650924e+01
6.130441943472501407e+02 3.038528068021850004e+01 2.868757137211730424e+01 2.837991331765124414e+01
6.206126318469355283e+02 3.038984784719576737e+01 2.869214061165229168e+01 2.838447984698143500e+01
6.281810693466209159e+02 3.039418917303271428e+01 2.869648390756151457e+01 2.838882056670234988e+01
6.357495068463063035e+02 3.039831582531326148e+01 2.870061243249642757e+01 2.839294664283835345e+01
6.433179443459916911e+02 3.040223841939865679e+01 2.870453680663570140e+01 2.839686868926924035e+01
6.508863818456770787e+02 3.040596704573243869e+01 2.870826712500189615e+01 2.840059679502923018e+01
6.584548193453624663e+02 3.040951129579480039e+01 2.871181298342742139e+01 2.840414055025945572e+01
6.660232568450478539e+02 3.041288028678025057e+01 2.871518350324419089e+01 2.840750907088164467e+01
6.735916943447332415e+02 3.041608268504904800e+01 2.871838735474580062e+01 2.841071102204637100e+01
6.811601318444186290e+02 3.041912672841510812e+01 2.872143277948362083e+01 2.841375464041698251e+01
6.887285693441040166e+02 3.042202024734797305e+01 2.872432761148104419e+01 2.841664775537003607e+01
6.962970068437894042e+02 3.042477068510908111e+01 2.872707929737720178e+01 2.841939780912736069e+01
7.038654443434747918e+02 3.042738511689037750e+01 2.872969491557466881e+01 2.842201187589353140e+01
7.114338818431601794e+02 3.042987026803905337e+01 2.873218119447267327e+01 2.842449668007674290e+01
7.190023193428455670e+02 3.043223253132680384e+01 2.873454452974368678e+01 2.842685861355624866e+01
7.265707568425309546e+02 3.043447798341952648e+01 2.873679100081170645e+01 2.842910375214904661e+01
7.341391943422163422e+02 3.043661240049698335e+01 2.873892638647703279e+01 2.843123787122885915e+01
7.417076318419017298e+02 3.043864127311127277e+01 2.874095617978383643e+01 2.843326646058153528e+01
7.492760693415871174e+02 3.044056982031133884e+01 2.874288560214887411e+01 2.843519473852643387e+01
7.568445068412725050e+02 3.044240300308359792e+01 2.874471961681075527e+01 2.843702766535790261e+01
7.644129443409578926e+02 3.044414553707184723e+01 2.874646294155172654e+01 2.843876995606149194e+01
7.719813818406432802e+02 3.044580190477444148e+01 2.874812006090627392e+01 2.844042609250959686e+01
7.795498193403286677e+02 3.044737636700023131e+01 2.874969523761495793e+01 2.844200033491637214e+01
7.871182568400140553e+02 3.044887297387703029e+01 2.875119252364470412e+01 2.844349673284364144e+01
7.946866943396994429e+02 3.045029557528266650e+01 2.875261577061985463e+01 2.844491913563206253e+01
8.022551318393848305e+02 3.045164783068457837e+01 2.875396863966875571e+01 2.844627120223810834e+01
8.098235693390702181e+02 3.045293321860725655e+01 2.875525461089375767e+01 2.844755641070094043e+01
8.173920068387556057e+02 3.045415504558752673e+01 2.875647699233343246e+01 2.844877806709513379e+01
8.249604443384409933e+02 3.045531645463802306e+01 2.875763892842553560e+01 2.844993931399500298e+01
8.325288818381263809e+02 3.045642043334487425e+01 2.875874340811225238e+01 2.845104313856961653e+01
8.400973193378117685e+02 3.045746982157106686e+01 2.875979327254572127e+01 2.845209238028468235e+01
8.476657568374971561e+02 3.045846731876582680e+01 2.876079122239974595e+01 2.845308973821352083e+01
8.552341943371825437e+02 3.045941549088030342e+01 2.876173982478974267e+01 2.845403777794859934e+01
8.628026318368679313e+02 3.046031677697106943e+01 2.876264151988021922e+01 2.845493893820582798e+01
8.703710693365533189e+02 3.046117349550206654e+01 2.876349862718575423e+01 2.845579553712576626e+01
8.779395068362387065e+02 3.046198785029105238e+01 2.876431335152466318e+01 2.845660977821813731e+01
8.855079443359240940e+02 3.046276193617700301e+01 2.876508778868713989e+01 2.845738375602968517e+01
8.930763818356094816e+02 3.046349774441216596e+01 2.876582393082873068e+01 2.845811946153469307e+01
9.006448193352948692e+02 3.046419716777313624e+01 2.876652367158425250e+01 2.845881878724549097e+01
9.082132568349802568e+02 3.046486200545598422e+01 2.876718881096707037e+01 2.845948353210673076e+01
9.157816943346656444e+02 3.046549396768165252e+01 2.876782105997375538e+01 2.846011540610084012e+01
9.233501318343510320e+02 3.046609468010234423e+01 2.876842204499536138e+01 2.846071603465253474e+01
9.309185693340364196e+02 3.046666568799156494e+01 2.876899331200507959e+01 2.846128696282039527e+01
9.384870068337218072e+02 3.046720846019871942e+01 2.876953633051954284e+01 2.846182965924816699e+01
9.460554443334071948e+02 3.046772439295091317e+01 2.877005249739954706e+01 2.846234551996820983e+01
9.536238818330925824e+02 3.046821481342141169e+01 2.877054314042021588e+01 2.846283587196853659e+01
9.611923193327779700e+02 3.046868098315604811e+01 2.877100952170042092e+01 2.846330197661859529e+01
9.687607568324633576e+02 3.046912410133751337e+01 2.877145284096701516e+01 2.846374503293384350e+01
9.763291943321487452e+02 3.046954530783534665e+01 2.877187423860624449e+01 2.846416618062482939e+01
9.838976318318341328e+02 3.046994568615650678e+01 2.877227479861704751e+01 2.846456650304708091e+01
9.914660693315195203e+02 3.047032626623200713e+01 2.877265555139774733e+01 2.846494702998757020e+01
9.990345068312049079e+02 3.047068802706735369e+01 2.877301747639847918e+01 2.846530874031549274e+01
