8.649642857142857480e-04 2.365000000000003411e+01 2.365000000000003411e+01 2.365000000000003411e+01
8.650507821429256339e+00 2.365000000000003411e+01 2.365000000000003411e+01 2.365000000000003411e+01
1.730015067857290134e+01 2.575039327286560820e+01 2.380740268055757269e+01 2.366880626009390198e+01
2.594979353571654812e+01 2.625049906200956684e+01 2.411316102091524272e+01 2.381993208322683131e+01
3.459943639284951900e+01 2.662391109839654746e+01 2.441398762830982605e+01 2.405604177823505552e+01
4.324907924995763864e+01 2.693814809887214778e+01 2.469996035759459119e+01 2.431640398431130734e+01
5.189872210706575828e+01 2.721903672860025836e+01 2.496985848220458593e+01 2.457614212294248546e+01
6.054836496417387792e+01 2.747728372950695075e+01 2.522387942578706088e+01 2.482607101800419969e+01
6.919800782128200467e+01 2.771766640129811776e+01 2.546268309522571371e+01 2.506316839656193451e+01
7.784765067839012431e+01 2.794260307362122830e+01 2.568707387798309583e+01 2.528679446906227213e+01
8.649729353549824395e+01 2.815355412684959902e+01 2.589787965766316802e+01 2.549721051617615331e+01
9.514693639260636360e+01 2.835157327549785578e+01 2.609590643234645313e+01 2.569500003285457979e+01
1.037965792497144832e+02 2.853752559741093364e+01 2.628192240966313875e+01 2.588084365787545948e+01
1.124462221068226029e+02 2.871217478879339069e+01 2.645665354322704843e+01 2.605543270040141124e+01
1.210958649639307225e+02 2.887621903854517313e+01 2.662078344736590907e+01 2.621943689949267764e+01
1.297455078210388422e+02 2.903030665657581721e+01 2.677495492745924821e+01 2.637349334605295326e+01
1.383951506781469618e+02 2.917504366933155779e+01 2.691977204883073682e+01 2.651820360721774250e+01
1.470447935352550815e+02 2.931099817680183151e+01 2.705580232766345716e+01 2.665413397763768444e+01
1.556944363923632011e+02 2.943870335610660049e+01 2.718357888605891048e+01 2.678181687311672476e+01
1.643440792494713207e+02 2.955865985584080136e+01 2.730360251436275121e+01 2.690175259350854731e+01
1.729937221065794404e+02 2.967133787774992015e+01 2.741634362331205921e+01 2.701441115662811399e+01
1.816433649636875600e+02 2.977717906643630386e+01 2.752224408355397145e+01 2.712023409062783230e+01
1.902930078207956797e+02 2.987659825869008046e+01 2.762171895586743631e+01 2.721963614499651385e+01
1.989426506779037993e+02 2.996998511657386643e+01 2.771515811728346534e+01 2.731300690845012014e+01
2.075922935350119189e+02 3.005770565747752698e+01 2.780292778890964200e+01 2.740071233287710584e+01
2.162419363921200386e+02 3.014010368976266818e+01 2.788537197116681909e+01 2.748309616644246489e+01
2.248915792492281582e+02 3.021750216072416606e+01 2.796281379203139750e+01 2.756048130041887134e+01
2.335412221063362779e+02 3.029020442248361178e+01 2.803555677345167396e+01 2.763317103450975765e+01
2.421908649634443975e+02 3.035849542101124143e+01 2.810388602096213617e+01 2.770145026552762602e+01
2.508405078205525172e+02 3.042264281296661466e+01 2.816806934112241834e+01 2.776558660398893608e+01
2.594901506776606652e+02 3.048289801472378713e+01 2.822835829111704697e+01 2.782583142293583478e+01
2.681397935347687849e+02 3.053949718778744682e+01 2.828498916471954772e+01 2.788242084317585068e+01
2.767894363918769045e+02 3.059266216439056052e+01 2.833818391840890172e+01 2.793557665871600193e+01
2.854390792489850242e+02 3.064260131693299627e+01 2.838815104129093925e+01 2.798550720604981734e+01
2.940887221060931438e+02 3.068951037465791387e+01 2.843508637223436608e+01 2.803240818069383522e+01
3.027383649632012634e+02 3.073357319079747185e+01 2.847917386744575197e+01 2.807646340419927355e+01
3.113880078203093831e+02 3.077496246315359940e+01 2.852058632145303818e+01 2.811784554460984964e+01
3.200376506774175027e+02 3.081384041096663395e+01 2.855948604435343441e+01 2.815671679321354759e+01
3.286872935345256224e+02 3.085035941069810406e+01 2.859602549795266668e+01 2.819322950021501129e+01
3.373369363916337420e+02 3.088466259325559804e+01 2.863034789332471064e+01 2.822752677185872017e+01
3.459865792487418616e+02 3.091688440497807733e+01 2.866258775210980048e+01 2.825974303131630450e+01
3.546362221058499813e+02 3.094715113456913969e+01 2.869287143374486959e+01 2.829000454553028021e+01
3.632858649629581009e+02 3.097558140807757354e+01 2.872131763071956811e+01 2.831842992010854232e+01
3.719355078200662206e+02 3.100228665382951476e+01 2.874803783376978572e+01 2.834513056417654298e+01
3.805851506771743402e+02 3.102737153915273893e+01 2.877313676884608640e+01 2.837021112702603887e+01
3.892347935342824599e+02 3.105093438060862354e+01 2.879671280757605700e+01 2.839376990827781810e+01
3.978844363913905795e+02 3.107306752932305471e+01 2.881885835281013897e+01 2.841589924314382642e+01
4.065340792484986991e+02 3.109385773295878153e+01 2.883966020079748205e+01 2.843668586433915380e+01
4.151837221056068188e+02 3.111338647569425575e+01 2.885919988135515268e+01 2.845621124200152963e+01
4.238333649627149384e+02 3.113173029759695964e+01 2.887755397741966590e+01 2.847455190300945560e+01
4.324830078198230581e+02 3.114896109461409424e+01 2.889479442520604380e+01 2.849177973092139382e+01
4.411326506769311777e+02 3.116514640034381500e+01 2.891098879613758754e+01 2.850796224769862874e+01
4.497822935340392974e+02 3.118034965074156162e+01 2.892620056169960208e+01 2.852316287836578113e+01
4.584319363911474170e+02 3.119463043274180336e+01 2.894048934220006686e+01 2.853744119958906822e+01
4.670815792482555366e+02 3.120804471778774314e+01 2.895391114043133030e+01 2.855085317316780902e+01
4.757312221053636563e+02 3.122064508122144844e+01 2.896651856118228352e+01 2.856345136538419638e+01
4.843808649624717759e+02 3.123248090834039203e+01 2.897836101741074799e+01 2.857528515302601591e+01
4.930305078195798956e+02 3.124359858794161937e+01 2.898948492389513376e+01 2.858640091689682095e+01
5.016801506766880152e+02 3.125404169415276101e+01 2.899993387916907750e+01 2.859684222361602224e+01
5.103297935337961349e+02 3.126385115721075181e+01 2.900974883639338486e+01 2.860664999636759376e+01
5.189794363909043113e+02 3.127306542388242860e+01 2.901896826386882822e+01 2.861586267529344241e+01
5.276290792480124310e+02 3.128172060814853239e+01 2.902762829580331072e+01 2.862451636815131906e+01
5.362787221051205506e+02 3.128985063274092226e+01 2.903576287392809263e+01 2.863264499182776035e+01
5.449283649622286703e+02 3.129748736210945026e+01 2.904340388054015420e+01 2.864028040528182828e+01
5.535780078193367899e+02 3.130466072730507676e+01 2.905058126345426217e+01 2.864745253440719353e+01
5.622276506764449095e+02 3.131139884328996459e+01 2.905732315337968430e+01 2.865418948932119747e+01
5.708772935335530292e+02 3.131772811912929910e+01 2.906365597417322988e+01 2.866051767453876664e+01
5.795269363906611488e+02 3.132367336150412029e+01 2.906960454640909575e+01 2.866646189246569065e+01
5.881765792477692685e+02 3.132925787192590406e+01 2.907519218465046151e+01 2.867204544059910631e+01
5.968262221048773881e+02 3.133450353806927069e+01 2.908044078883045813e+01 2.867729020284156150e+01
6.054758649619855078e+02 3.133943091955893578e+01 2.908537093008919783e+01 2.868221673527517623e+01
6.141255078190936274e+02 3.134405932855219135e+01 2.909000193140064994e+01 2.868684434672923089e+01
6.227751506762017470e+02 3.134840690542500852e+01 2.909435194330063723e+01 2.869119117445427491e+01
6.314247935333098667e+02 3.135249068987104692e+01 2.909843801502711358e+01 2.869527425520749375e+01
6.400744363904179863e+02 3.135632668769017073e+01 2.910227616134380924e+01 2.869910959203110679e+01
6.487240792475261060e+02 3.135992993352073199e+01 2.910588142531054245e+01 2.870271221697248620e+01
6.573737221046342256e+02 3.136331454975868382e+01 2.910926793723314177e+01 2.870609624999423204e+01
6.660233649617423453e+02 3.136649380191681757e+01 2.911244897005332177e+01 2.870927495432306387e+01
6.746730078188504649e+02 3.136948015061369688e+01 2.911543699136956320e+01 2.871226078843073992e+01
6.833226506759585845e+02 3.137228530040852092e+01 2.911824371229613462e+01 2.871506545485942752e+01
6.919722935330667042e+02 3.137492024567603721e+01 2.912088013336619952e+01 2.871769994608933985e+01
7.006219363901748238e+02 3.137739531370090162e+01 2.912335658764777691e+01 2.872017458762559272e+01
7.092715792472829435e+02 3.137972020515246641e+01 2.912568278124393828e+01 2.872249907846628503e+01
7.179212221043910631e+02 3.138190403210603563e+01 2.912786783133367408e+01 2.872468252911625086e+01
7.265708649614991828e+02 3.138395535375315148e+01 2.912992030190224568e+01 2.872673349729211623e+01
7.352205078186073024e+02 3.138588220994756739e+01 2.913184823730642847e+01 2.872866002146253095e+01
7.438701506757154220e+02 3.138769215272441215e+01 2.913365919381141111e+01 2.873046965236113692e+01
7.525197935328235417e+02 3.138939227589577285e+01 2.913536026920201039e+01 2.873216948257760350e+01
7.611694363899316613e+02 3.139098924283655379e+01 2.913695813058529893e+01 2.873376617433871161e+01
7.698190792470397810e+02 3.139248931264080511e+01 2.913845904056148584e+01 2.873526598566013490e+01
7.784687221041479006e+02 3.139389836459736216e+01 2.913986888171126566e+01 2.873667479481775899e+01
7.871183649612560203e+02 3.139522192129965106e+01 2.914119317972256340e+01 2.873799812345265536e+01
7.957680078183641399e+02 3.139646517021407135e+01 2.914243712496624994e+01 2.873924115813804292e+01
8.044176506754722595e+02 3.139763298409479830e+01 2.914360559292589414e+01 2.874040877078823542e+01
8.130672935325803792e+02 3.139872994000796780e+01 2.914470316323144061e+01 2.874150553768077998e+01
8.217169363896884988e+02 3.139976033730596328e+01 2.914573413764270526e+01 2.874253575742716293e+01
8.303665792467966185e+02 3.140072821449973617e+01 2.914670255693363288e+01 2.874350346784211752e+01
8.390162221039047381e+02 3.140163736503018299e+01 2.914761221666867641e+01 2.874441246171335251e+01
8.476658649610128577e+02 3.140249135217612775e+01 2.914846668212294389e+01 2.874526630170549879e+01
8.563155078181209774e+02 3.140329352303029964e+01 2.914926930226357626e+01 2.874606833433438169e+01
8.649651506752290970e+02 3.140404702157911743e+01 2.915002322283828562e+01 2.874682170304487272e+01
8.736147935323372167e+02 3.140475480104578310e+01 2.915073139872390584e+01 2.874752936055136843e+01
8.822644363894453363e+02 3.140541963547093474e+01 2.915139660551500356e+01 2.874819408041639690e+01
8.909140792465534560e+02 3.140604413058173350e+01 2.915202145039842208e+01 2.874881846791788576e+01
8.995637221036615756e+02 3.140663073399485938e+01 2.915260838236139307e+01 2.874940497025124841e+01
9.082133649607696952e+02 3.140718174480866764e+01 2.915315970178966154e+01 2.874995588611830044e+01
9.168630078178778149e+02 3.140769932263674491e+01 2.915367756950695366e+01 2.875047337476064513e+01
9.255126506749859345e+02 3.140818549604824739e+01 2.915416401521895295e+01 2.875095946439756744e+01
9.341622935320940542e+02 3.140864217053416496e+01 2.915462094548291816e+01 2.875141606019218443e+01
9.428119363892021738e+02 3.140907113596193767e+01 2.915505015116900722e+01 2.875184495170327637e+01
9.514615792463102935e+02 3.140947407359806220e+01 2.915545331448589650e+01 2.875224781990772271e+01
9.601112221034184131e+02 3.140985256268731973e+01 2.915583201556245285e+01 2.875262624377785414e+01
9.687608649605265327e+02 3.141020808667445863e+01 2.915618773867464597e+01 2.875298170650341945e+01
9.774105078176346524e+02 3.141054203898124797e+01 2.915652187802413664e+01 2.875331560126568320e+01
9.860601506747427720e+02 3.141085572848498941e+01 2.915683574322167715e+01 2.875362923671622184e+01
9.947097935318508917e+02 3.141115038465295584e+01 2.915713056442302786e+01 2.875392384211079388e+01
