6.727499999999999539e-04 2.365000000000003411e+01 2.365000000000003411e+01 2.365000000000003411e+01
6.728172749999141722e+00 2.365000000000003411e+01 2.365000000000003411e+01 2.365000000000003411e+01
1.345567274999580931e+01 2.490340979543339017e+01 2.369513740245230338e+01 2.365172211109091904e+01
2.018317274999247601e+01 2.529489349249263341e+01 2.389477444875882384e+01 2.372219181284452816e+01
2.691067274998914272e+01 2.557401934655382547e+01 2.410522738231537687e+01 2.387229475095318776e+01
3.363817274998581297e+01 2.580581153580180853e+01 2.430988501223293952e+01 2.405254291831357705e+01
4.036567274998247967e+01 2.601350393068241829e+01 2.450679959730609880e+01 2.423964639102558749e+01
4.709317274997914637e+01 2.620651866080589798e+01 2.469555683217470232e+01 2.442442940099942916e+01
5.382067274997581308e+01 2.638883648003741200e+01 2.487621760745321353e+01 2.460344850302016084e+01
6.054817274997247978e+01 2.656225883280291100e+01 2.504901902147219062e+01 2.477554172071222638e+01
6.727567275000374991e+01 2.672770801997273793e+01 2.521425905308416304e+01 2.494044847906565110e+01
7.400317275007147089e+01 2.688574650310886227e+01 2.537225104387772490e+01 2.509825907042477411e+01
8.073067275013919186e+01 2.703678457531202639e+01 2.552330592537077791e+01 2.524919529846329169e+01
8.745817275020691284e+01 2.718116362820887844e+01 2.566772550041457635e+01 2.539352329723982393e+01
9.418567275027463381e+01 2.731918974668457167e+01 2.580580012030804937e+01 2.553151909155593557e+01
1.009131727503423548e+02 2.745114746116195192e+01 2.593780810069165454e+01 2.566345519326239355e+01
1.076406727504100758e+02 2.757730556469419980e+01 2.606401581640346876e+01 2.578959557899474930e+01
1.143681727504777967e+02 2.769791974832486403e+01 2.618467805292101502e+01 2.591019399895895958e+01
1.210956727505455177e+02 2.781323395266866783e+01 2.630003844645756317e+01 2.602549360153830094e+01
1.278231727506132387e+02 2.792348119393670913e+01 2.641032994626272057e+01 2.613572706994102646e+01
1.345506727506809455e+02 2.802888416755178014e+01 2.651577527317652994e+01 2.624111695062674698e+01
1.412781727507486664e+02 2.812965575098274940e+01 2.661658736466893060e+01 2.634187604626902157e+01
1.480056727508163874e+02 2.822599945484637374e+01 2.671296980296995116e+01 2.643820782296484140e+01
1.547331727508841084e+02 2.831810984234317630e+01 2.680511722543451469e+01 2.653030681212453601e+01
1.614606727509518294e+02 2.840617292553753259e+01 2.689321571729254856e+01 2.661835899971862318e+01
1.681881727510195503e+02 2.849036654234060961e+01 2.697744318731315616e+01 2.670254220042875204e+01
1.749156727510872713e+02 2.857086071619056611e+01 2.705796972703973324e+01 2.678302641616801338e+01
1.816431727511549923e+02 2.864781799961247089e+01 2.713495795425473034e+01 2.685997417915626784e+01
1.883706727512227133e+02 2.872139380257323182e+01 2.720856334137300792e+01 2.693354088005662561e+01
1.950981727512904342e+02 2.879173670634543214e+01 2.727893452939372310e+01 2.700387508172946127e+01
2.018256727513581552e+02 2.885898876357146037e+01 2.734621362807035894e+01 2.707111881923151486e+01
2.085531727514258762e+02 2.892328578514286619e+01 2.741053650290098176e+01 2.713540788664840875e+01
2.152806727514935972e+02 2.898475761446263732e+01 2.747203304949590574e+01 2.719687211131804361e+01
2.220081727515613181e+02 2.904352838964609873e+01 2.753082745588494618e+01 2.725563561599801687e+01
2.287356727516290391e+02 2.909971679422210400e+01 2.758703845331837101e+01 2.731181706953435651e+01
2.354631727516967601e+02 2.915343629680120330e+01 2.764077955603170267e+01 2.736552992650064198e+01
2.421906727517644811e+02 2.920479538020629207e+01 2.769215929046697511e+01 2.741688265629909438e+01
2.489181727518322020e+02 2.925389776056590563e+01 2.774128141445703477e+01 2.746597896222777990e+01
2.556456727518999230e+02 2.930084259674430314e+01 2.778824512673594427e+01 2.751291799088380685e+01
2.623731727516984051e+02 2.934572469060469757e+01 2.783314526728702276e+01 2.755779453240290877e+01
2.691006727514819090e+02 2.938863467843344779e+01 2.787607250884036603e+01 2.760069921185862540e+01
2.758281727512654129e+02 2.942965921399644458e+01 2.791711354000381107e+01 2.764171867229669033e+01
2.825556727510489168e+02 2.946888114350792875e+01 2.795635124030417273e+01 2.768093574968293069e+01
2.892831727508324207e+02 2.950637967295335784e+01 2.799386484757457083e+01 2.771842964020390809e+01
2.960106727506159245e+02 2.954223052802694838e+01 2.802973011795813818e+01 2.775427606018627102e+01
3.027381727503994284e+02 2.957650610705212557e+01 2.806401947888866744e+01 2.778854739899668402e+01
3.094656727501829323e+02 2.960927562720092965e+01 2.809680217537004410e+01 2.782131286524457892e+01
3.161931727499664362e+02 2.964060526425225817e+01 2.812814440978939956e+01 2.785263862652203670e+01
3.229206727497499401e+02 2.967055828624654623e+01 2.815810947562738420e+01 2.788258794304289268e+01
3.296481727495334439e+02 2.969919518125095692e+01 2.818675788527258419e+01 2.791122129539138541e+01
3.363756727493169478e+02 2.972657377949445845e+01 2.821414749220662088e+01 2.793859650664205674e+01
3.431031727491004517e+02 2.975274937016644117e+01 2.824033360785057312e+01 2.796476885914484001e+01
3.498306727488839556e+02 2.977777481306935670e+01 2.826536911326172685e+01 2.798979120616291993e+01
3.565581727486674595e+02 2.980170064535940355e+01 2.828930456591592701e+01 2.801371407860011686e+01
3.632856727484509634e+02 2.982457518360070026e+01 2.831218830180534951e+01 2.803658578704357751e+01
3.700131727482344672e+02 2.984644462134428977e+01 2.833406653305536338e+01 2.805845251933010331e+01
3.767406727480179711e+02 2.986735312241495421e+01 2.835498344124857795e+01 2.807935843382074381e+01
3.834681727478014750e+02 2.988734291009058097e+01 2.837498126663967923e+01 2.809934574856947620e+01
3.901956727475849789e+02 2.990645435236319827e+01 2.839410039345324321e+01 2.811845482657514594e+01
3.969231727473684828e+02 2.992472604347250353e+01 2.841237943144687961e+01 2.813672425730260329e+01
4.036506727471519866e+02 2.994219488183858857e+01 2.842985529387738097e+01 2.815419093460729982e+01
4.103781727469354905e+02 2.995889614458019423e+01 2.844656327204830859e+01 2.817089013124422081e+01
4.171056727467189944e+02 2.997486355874161745e+01 2.846253710656503699e+01 2.818685557008473097e+01
4.238331727465024983e+02 2.999012936941142016e+01 2.847780905548125929e+01 2.820211949222868952e+01
4.305606727462860022e+02 3.000472440483895298e+01 2.849240995944262522e+01 2.821671272211176529e+01
4.372881727460695060e+02 3.001867813869449719e+01 2.850636930397018887e+01 2.823066472975779106e+01
4.440156727458530099e+02 3.003201874957915152e+01 2.851971527899587500e+01 2.824400369028217028e+01
4.507431727456365138e+02 3.004477317793907787e+01 2.853247483579792743e+01 2.825675654079805099e+01
4.574706727454200177e+02 3.005696718046505111e+01 2.854467374142387825e+01 2.826894903481019128e+01
4.641981727452035216e+02 3.006862538209867353e+01 2.855633663071671435e+01 2.828060579421349985e+01
4.709256727449870255e+02 3.007977132577372004e+01 2.856748705607674310e+01 2.829175035902954960e+01
4.776531727447705293e+02 3.009042751995497156e+01 2.857814753501872929e+01 2.830240523493830551e+01
4.843806727445540332e+02 3.010061548409095167e+01 2.858833959564424276e+01 2.831259193872620017e+01
4.911081727443375371e+02 3.011035579207367618e+01 2.859808382011812000e+01 2.832233104174031268e+01
4.978356727441210410e+02 3.011966811378306375e+01 2.860739988622935925e+01 2.833164221142709494e+01
5.045631727439045449e+02 3.012857125480775267e+01 2.861630660712768304e+01 2.834054425104864094e+01
5.112906727436880487e+02 3.013708319443338723e+01 2.862482196932853640e+01 2.834905513766636886e+01
5.180181727439800170e+02 3.014522112192997838e+01 2.863296316901335103e+01 2.835719205842406154e+01
5.247456727443319551e+02 3.015300147128482422e+01 2.864074664677758619e+01 2.836497144527584169e+01
5.314731727446838931e+02 3.016043995437104286e+01 2.864818812081165333e+01 2.837240900815100986e+01
5.382006727450358312e+02 3.016755159269337128e+01 2.865530261866047113e+01 2.837951976669620535e+01
5.449281727453877693e+02 3.017435074771594827e+01 2.866210450756278760e+01 2.838631808059875539e+01
5.516556727457397074e+02 3.018085114986286044e+01 2.866860752346360641e+01 2.839281767858403782e+01
5.583831727460916454e+02 3.018706592624658924e+01 2.867482479875354784e+01 2.839903168614074502e+01
5.651106727464435835e+02 3.019300762718000897e+01 2.868076888879193120e+01 2.840497265202935750e+01
5.718381727467955216e+02 3.019868825151826286e+01 2.868645179725876915e+01 2.841065257362049579e+01
5.785656727471474596e+02 3.020411927089020310e+01 2.869188500039530254e+01 2.841608292112368872e+01
5.852931727474993977e+02 3.020931165286430087e+01 2.869707947018002869e+01 2.842127466075072562e+01
5.920206727478513358e+02 3.021427588309774137e+01 2.870204569648598181e+01 2.842623827686179538e+01
5.987481727482032738e+02 3.021902198651059734e+01 2.870679370826474042e+01 2.843098379313659052e+01
6.054756727485552119e+02 3.022355954753442120e+01 2.871133309380161336e+01 2.843552079282108025e+01
6.122031727489071500e+02 3.022789772946049425e+01 2.871567302007218814e+01 2.843985843807269021e+01
6.189306727492590881e+02 3.023204529294775966e+01 2.871982225125793775e+01 2.844400548846709853e+01
6.256581727496110261e+02 3.023601061371351761e+01 2.872378916644362334e+01 2.844797031868489512e+01
6.323856727499629642e+02 3.023980169944849195e+01 2.872758177654054634e+01 2.845176093542659146e+01
6.391131727503149023e+02 3.024342620599213660e+01 2.873120774046611814e+01 2.845538499358440276e+01
6.458406727506668403e+02 3.024689145277886837e+01 2.873467438059759615e+01 2.845884981168711647e+01
6.525681727510187784e+02 3.025020443764378797e+01 2.873798869758445562e+01 2.846216238670444909e+01
6.592956727513707165e+02 3.025337185092337222e+01 2.874115738445254919e+01 2.846532940814495305e+01
6.660231727517226545e+02 3.025640008899335953e+01 2.874418684015017789e+01 2.846835727159310636e+01
6.727506727520745926e+02 3.025929526717186491e+01 2.874708318245399141e+01 2.847125209161038129e+01
6.794781727524265307e+02 3.026206323206923798e+01 2.874985226032544006e+01 2.847401971408413601e+01
6.862056727527784687e+02 3.026470957340387713e+01 2.875249966573022675e+01 2.847666572804149610e+01
6.929331727531304068e+02 3.026723963527433625e+01 2.875503074491626876e+01 2.847919547691907383e+01
6.996606727534823449e+02 3.026965852696923776e+01 2.875745060922588436e+01 2.848161406937401807e+01
7.063881727538342830e+02 3.027197113327696343e+01 2.875976414541196391e+01 2.848392638959057876e+01
7.131156727541862210e+02 3.027418212433417466e+01 2.876197602548927534e+01 2.848613710712714919e+01
7.198431727545381591e+02 3.027629596510456622e+01 2.876409071621600333e+01 2.848825068639536084e+01
7.265706727548900972e+02 3.027831692432334876e+01 2.876611248804454135e+01 2.849027139560217847e+01
7.332981727552420352e+02 3.028024908318514008e+01 2.876804542381012197e+01 2.849220331543762086e+01
7.400256727555939733e+02 3.028209634356466040e+01 2.876989342695685536e+01 2.849405034729335284e+01
7.467531727559459114e+02 3.028386243585788407e+01 2.877166022937979051e+01 2.849581622110451917e+01
7.534806727562978494e+02 3.028555092656733905e+01 2.877334939901641064e+01 2.849750450293140602e+01
7.602081727566497875e+02 3.028716522550280388e+01 2.877496434704727335e+01 2.849911860216275272e+01
7.669356727570017256e+02 3.028870859261587611e+01 2.877650833473472858e+01 2.850066177834679593e+01
7.736631727573536637e+02 3.029018414462086639e+01 2.877798448004580223e+01 2.850213714781182262e+01
7.803906727577056017e+02 3.029159486130743062e+01 2.877939576396852317e+01 2.850354768997942756e+01
7.871181727580575398e+02 3.029294359152328298e+01 2.878074503649730786e+01 2.850489625334427046e+01
7.938456727584094779e+02 3.029423305892828466e+01 2.878203502238557121e+01 2.850618556122998370e+01
8.005731727587614159e+02 3.029546586751052928e+01 2.878326832666903101e+01 2.850741821730230185e+01
8.073006727591133540e+02 3.029664450683935684e+01 2.878444743991843779e+01 2.850859671082207569e+01
8.140281727594652921e+02 3.029777135710799030e+01 2.878557474328346188e+01 2.850972342168870455e+01
8.207556727598172301e+02 3.029884869391304392e+01 2.878665251327612395e+01 2.851080062521702985e+01
8.274831727601691682e+02 3.029987869284849467e+01 2.878768292636527804e+01 2.851183049673176129e+01
8.342106727605211063e+02 3.030086343393361403e+01 2.878866806340573703e+01 2.851281511599489704e+01
8.409381727608730444e+02 3.030180490577964747e+01 2.878960991380904488e+01 2.851375647137211899e+01
8.476656727612249824e+02 3.030270500963507629e+01 2.879051037958828374e+01 2.851465646387623565e+01
8.543931727615769205e+02 3.030356556319139827e+01 2.879137127916601457e+01 2.851551691097375851e+01
8.611206727619288586e+02 3.030438830428079200e+01 2.879219435107199843e+01 2.851633955028211176e+01
8.678481727622807966e+02 3.030517489436130063e+01 2.879298125743321179e+01 2.851712604305407694e+01
8.745756727626327347e+02 3.030592692190583648e+01 2.879373358736137334e+01 2.851787797756560394e+01
8.813031727629846728e+02 3.030664590558069449e+01 2.879445286013293526e+01 2.851859687229540441e+01
8.880306727633366108e+02 3.030733329732083803e+01 2.879514052826760917e+01 2.851928417899864598e+01
8.947581727636885489e+02 3.030799048527495643e+01 2.879579798047132044e+01 2.851994128565246456e+01
9.014856727640404870e+02 3.030861879658317548e+01 2.879642654441778404e+01 2.852056951923265160e+01
9.082131727643924251e+02 3.030921950007893884e+01 2.879702748945095436e+01 2.852117014841559239e+01
9.149406727647443631e+02 3.030979380884264174e+01 2.879760202913905687e+01 2.852174438613195662e+01
9.216681727650963012e+02 3.031034288264476118e+01 2.879815132371862774e+01 2.852229339200852110e+01
9.283956727654482393e+02 3.031086783029610388e+01 2.879867648244686507e+01 2.852281827471875886e+01
9.351231727658001773e+02 3.031136971190471741e+01 2.879917856585808522e+01 2.852332009423986392e+01
9.418506727661521154e+02 3.031184954098256412e+01 2.879965858787073785e+01 2.852379986395834521e+01
9.485781727665040535e+02 3.031230828651086995e+01 2.880011751785650631e+01 2.852425855273543220e+01
9.553056727668559915e+02 3.031274687489428743e+01 2.880055628259248124e+01 2.852469708686140848e+01
9.620331727672079296e+02 3.031316619183627381e+01 2.880097576813795968e+01 2.852511635192990980e+01
9.687606727675598677e+02 3.031356708411863110e+01 2.880137682161540624e+01 2.852551719461814628e+01
9.754881727679118057e+02 3.031395036131124243e+01 2.880176025292036002e+01 2.852590042439567242e+01
9.822156727682637438e+02 3.031431679741729113e+01 2.880212683636699467e+01 2.852626681517011775e+01
9.889431727686156819e+02 3.031466713242951982e+01 2.880247731224596919e+01 2.852661710684247964e+01
9.956706727689676200e+02 3.031500207382526924e+01 2.880281238831935298e+01 2.852695200680278731e+01
1.002398172769319558e+03 3.031532229799603329e+01 2.880313274124915779e+01 2.852727219135857695e+01
1.009125672769671496e+03 3.031562845160777897e+01 2.880343901796254613e+01 2.852757830709651898e+01
1.015853172770023434e+03 3.031592115291834943e+01 2.880373183696553951e+01 2.852787097219703583e+01
1.022580672770375372e+03 3.031620099301733262e+01 2.880401178958550190e+01 2.852815077767724006e+01
1.029308172769830207e+03 2.915526815981547770e+01 2.878424578243715359e+01 2.852821383088405582e+01
1.036035672769045277e+03 2.872758412384655458e+01 2.859576695032302496e+01 2.847585979286105839e+01
1.042763172768260347e+03 2.843622512326788865e+01 2.838514878563080401e+01 2.833535228631649261e+01
1.049490672767475417e+03 2.819883322784431812e+01 2.817951948858359401e+01 2.815824178565321745e+01
1.056218172766690486e+03 2.798815177451172076e+01 2.798145732469703262e+01 2.797163758886279084e+01
1.062945672765905556e+03 2.779322115311833841e+01 2.779151877448794039e+01 2.778633116739700881e+01
1.069673172765120626e+03 2.760944749905712570e+01 2.760969508794994454e+01 2.760641212525268884e+01
1.076400672764335695e+03 2.743478330839315049e+01 2.743576849072246659e+01 2.743329903690897709e+01
1.083128172763550765e+03 2.726820673296589348e+01 2.726944737958888254e+01 2.726735356672031685e+01
1.089855672762765835e+03 2.710911430125059951e+01 2.711041968151454284e+01 2.710852449670943543e+01
1.096583172761980904e+03 2.695707813137488529e+01 2.695837375119390344e+01 2.695660440025909566e+01
1.103310672761195974e+03 2.681174864510296629e+01 2.681300633435176906e+01 2.681133171601288723e+01
1.110038172760411044e+03 2.667281537505084543e+01 2.667402538509196575e+01 2.667243112969015328e+01
1.116765672759626113e+03 2.653999097569402466e+01 2.654115084512125122e+01 2.653962934734943246e+01
1.123493172758841183e+03 2.641300451133480465e+01 2.641411462461462634e+01 2.641266106131564584e+01
1.130220672758056253e+03 2.629159846147155122e+01 2.629266027894499302e+01 2.629127101599567595e+01
1.136948172757271323e+03 2.617552722384812114e+01 2.617654257786125527e+01 2.617521453083384131e+01
1.143675672756486392e+03 2.606455622852269016e+01 2.606552704501012840e+01 2.606425742067847295e+01
1.150403172755701462e+03 2.595846130853652767e+01 2.595938949829979947e+01 2.595817568831046174e+01
1.157130672754916532e+03 2.585702818510861789e+01 2.585791560272701872e+01 2.585675513813748694e+01
1.163858172754131601e+03 2.576005201010082146e+01 2.576090043973567845e+01 2.575979096998827345e+01
1.170585672753346671e+03 2.566733694244868502e+01 2.566814809428467470e+01 2.566708737605591750e+01
1.177313172752561741e+03 2.557869574872239582e+01 2.557947125956297896e+01 2.557845714967805861e+01
1.184040672751776810e+03 2.549394942345622894e+01 2.549469085888887321e+01 2.549372130897245370e+01
1.190768172750991880e+03 2.541292682701566719e+01 2.541363568411730967e+01 2.541270873605049019e+01
1.197495672750206950e+03 2.533546433974612455e+01 2.533614204992426266e+01 2.533525583172769302e+01
1.204223172749422019e+03 2.526140553145177137e+01 2.526205346326349854e+01 2.526120618525192185e+01
1.210950672748637089e+03 2.519060084545975542e+01 2.519122030734558848e+01 2.519041025848815707e+01
1.217678172747852159e+03 2.512290729658980126e+01 2.512349953950564441e+01 2.512272508395983550e+01
1.224405672747067229e+03 2.505818818238617496e+01 2.505875440232313167e+01 2.505801397612799519e+01
1.231133172746282298e+03 2.499631280706222469e+01 2.499685414746198830e+01 2.499614625537685697e+01
1.237860672745497368e+03 2.493715621756780365e+01 2.493767377162947696e+01 2.493699698411489862e+01
1.244588172744712438e+03 2.488059895124763443e+01 2.488109376413592599e+01 2.488044671446607481e+01
1.251315672743927507e+03 2.482652679460193212e+01 2.482699986555701344e+01 2.482638124705988503e+01
1.258043172743142577e+03 2.477483055264576706e+01 2.477528283700206657e+01 2.477469140042012441e+01
1.264770672742357647e+03 2.472540582838314549e+01 2.472583823949742055e+01 2.472527279046539661e+01
1.271498172741572716e+03 2.467815281199813171e+01 2.467856622309523118e+01 2.467802561972746389e+01
1.278225672740787786e+03 2.463297607927893296e+01 2.463337132521377271e+01 2.463285447579920628e+01
1.284953172740002856e+03 2.458978439893473933e+01 2.459016227787907383e+01 2.458966813867624523e+01
1.291680672739217925e+03 2.454849054834511435e+01 2.454885182340001393e+01 2.454837939652833256e+01
1.298408172738432995e+03 2.450901113742895632e+01 2.450935653816389959e+01 2.450890486959031023e+01
1.305135672737648065e+03 2.447126644023734343e+01 2.447159666416570190e+01 2.447116484177627171e+01
1.311863172736863135e+03 2.443518023395540695e+01 2.443549594794075119e+01 2.443508309970104619e+01
1.318590672736078204e+03 2.440067964498456377e+01 2.440098148659023991e+01 2.440058677878073468e+01
1.325318172735293274e+03 2.436769500176086467e+01 2.436798358053488300e+01 2.436760621607089661e+01
1.332045672734508344e+03 2.433615969407952662e+01 2.433643559278709745e+01 2.433607480960665725e+01
1.338773172733723413e+03 2.430601003856264697e+01 2.430627381436210044e+01 2.430592888388855499e+01
1.345500672732938483e+03 2.427718515005506106e+01 2.427743733562323314e+01 2.427710756129357605e+01
1.352228172732153553e+03 2.424962681868748859e+01 2.424986792329571017e+01 2.424955263915342130e+01
1.358955672731368622e+03 2.422327939231166738e+01 2.422350990285428907e+01 2.422320847220447604e+01
1.365683172730583692e+03 2.419808966411619622e+01 2.419831004609335423e+01 2.419802186021780699e+01
1.372410672729798762e+03 2.417400676518025193e+01 2.417421746363788770e+01 2.417394194056521428e+01
1.379138172729013831e+03 2.415098206175508722e+01 2.415118350218426713e+01 2.415092008551459912e+01
1.385865672728228901e+03 2.412896905704201345e+01 2.412916164623794657e+01 2.412890980401920160e+01
1.392593172727443971e+03 2.410792329729315497e+01 2.410810742417635311e+01 2.410786664783080369e+01
1.399320672726659041e+03 2.408780228204471996e+01 2.408797831844680104e+01 2.408774812174323188e+01
1.406048172725874110e+03 2.406856537830100251e+01 2.406873367971547850e+01 2.406851359778715960e+01
1.412775672725089180e+03 2.405017373845993234e+01 2.405033464475951632e+01 2.405012423316668446e+01
1.419503172724304250e+03 2.403259022187404526e+01 2.403274405799805891e+01 2.403254289182888215e+01
1.426230672723519319e+03 2.401577931984166980e+01 2.401592639645144800e+01 2.401573406946482692e+01
1.432958172722734389e+03 2.399970708390623031e+01 2.399984769801284301e+01 2.399966382181764857e+01
1.439685672721949459e+03 2.398434105730189003e+01 2.398447549286606773e+01 2.398429969613664525e+01
1.446413172721164528e+03 2.396965020939597935e+01 2.396977873790098101e+01 2.396961066562835185e+01
1.453140672720379598e+03 2.395560487303635000e+01 2.395572775403655896e+01 2.395556706681014703e+01
1.459868172719594668e+03 2.394217668463312521e+01 2.394229416627820228e+01 2.394214053960143929e+01
1.466595672718809737e+03 2.392933852688753404e+01 2.392945084642349229e+01 2.392930397005790155e+01
1.473323172718024807e+03 2.391706447401980995e+01 2.391717185826854575e+01 2.391703143560715716e+01
1.480050672717239877e+03 2.390532973943157913e+01 2.390543240524783641e+01 2.390529815271713687e+01
1.486778172716454947e+03 2.389411062563760879e+01 2.389420878034792395e+01 2.389408042683402300e+01
1.493505672715670016e+03 2.388338447641154971e+01 2.388347831823290335e+01 2.388335560453458584e+01
1.500233172714885086e+03 2.387312963103426000e+01 2.387321934947345881e+01 2.387310202777905488e+01
1.506960672714100156e+03 2.386332538055211216e+01 2.386341115678936831e+01 2.386329899017590606e+01
1.513688172713315225e+03 2.385395192595939307e+01 2.385403393321416843e+01 2.385392669516852493e+01
1.520415672712530295e+03 2.384499033821168723e+01 2.384506874209159832e+01 2.384496621605427435e+01
1.527143172711745365e+03 2.383642251999532391e+01 2.383649747883168857e+01 2.383639945775860269e+01
1.533870672710960434e+03 2.382823116919598760e+01 2.382830283436328500e+01 2.382820912030717864e+01
1.540598172710175504e+03 2.382039974394393766e+01 2.382046826016483010e+01 2.382037866387668146e+01
1.547325672709390574e+03 2.381291242921849971e+01 2.381297793485680359e+01 2.381289227540338516e+01
1.554053172708605643e+03 2.380575410490615695e+01 2.380581673224583028e+01 2.380573483664363721e+01
1.560780672707820713e+03 2.379891031526238976e+01 2.379897019077532150e+01 2.379889189364166668e+01
1.567508172707035783e+03 2.379236723972633172e+01 2.379242448432677293e+01 2.379234962754617300e+01
1.574235672706250853e+03 2.378611166500888885e+01 2.378616639429816360e+01 2.378609482670287889e+01
1.580963172705465922e+03 2.378013095840873348e+01 2.378018328290914951e+01 2.378011485997296859e+01
1.587690672704680992e+03 2.377441304230131891e+01 2.377446306767825490e+01 2.377439765122613835e+01
1.594418172703896062e+03 2.376894636974947161e+01 2.376899419702647265e+01 2.376893165495357607e+01
1.601145672703111131e+03 2.376371990118656186e+01 2.376376562694673567e+01 2.376370583295454253e+01
1.607873172702326201e+03 2.375872308211950212e+01 2.375876679870344788e+01 2.375870963204141617e+01
1.614600672701541271e+03 2.375394582181473879e+01 2.375398761750483345e+01 2.375393296272903854e+01
1.621328172700756340e+03 2.374937847292437709e+01 2.374941843212428694e+01 2.374936617886334034e+01
1.628055672699971410e+03 2.374501181200224664e+01 2.374505001540671856e+01 2.374500005813848702e+01
1.634783172699186480e+03 2.374083702087767733e+01 2.374087354563545205e+01 2.374082578347520212e+01
1.641510672698401549e+03 2.373684566885015101e+01 2.373688058872107831e+01 2.373683492521587368e+01
1.648238172697616619e+03 2.373302969565668263e+01 2.373306308115871843e+01 2.373301942409437970e+01
1.654965672696831689e+03 2.372938139520380219e+01 2.372941331375653817e+01 2.372937157497096905e+01
1.661693172696046759e+03 2.372589340000564562e+01 2.372592391606667661e+01 2.372588401127109137e+01
1.668420672695261828e+03 2.372255866628728427e+01 2.372258784148118593e+01 2.372254969009077286e+01
1.675148172694476898e+03 2.371937045979399272e+01 2.371939835303868449e+01 2.371936187800883999e+01
1.681875672693691968e+03 2.371632234215508106e+01 2.371634900977835514e+01 2.371631413745103600e+01
1.688603172692907037e+03 2.371340815791330670e+01 2.371343365376884549e+01 2.371340031372176327e+01
1.695330672692122107e+03 2.371062202207048131e+01 2.371064639764534832e+01 2.371061452255042923e+01
1.702058172691337177e+03 2.370795830822027028e+01 2.370798161273961568e+01 2.370795113822680378e+01
1.708785672690552246e+03 2.370541163717274458e+01 2.370543391769831487e+01 2.370540478222687852e+01
1.715513172689767316e+03 2.370297686610723531e+01 2.370299816763252920e+01 2.370297031236566454e+01
1.722240672688982386e+03 2.370064907816180266e+01 2.370066944370432793e+01 2.370064281238967396e+01
1.728968172688197455e+03 2.369842357254401577e+01 2.369844304323038386e+01 2.369841758208809779e+01
1.735695672687412525e+03 2.369629585497909829e+01 2.369631447012972103e+01 2.369629012774208832e+01
1.742423172686627595e+03 2.369426162870593089e+01 2.369427942591153169e+01 2.369425615312206901e+01
1.749150672685842665e+03 2.369231678574260513e+01 2.369233380094448194e+01 2.369231155075419792e+01
1.755878172685057734e+03 2.369045739859683408e+01 2.369047366615575356e+01 2.369045239363236988e+01
1.762605672684272804e+03 2.368867971238222481e+01 2.368869526514919244e+01 2.368867492733437530e+01
1.769333172683487874e+03 2.368698013718642414e+01 2.368699500656924783e+01 2.368697556239220603e+01
1.776060672682702943e+03 2.368535524081471522e+01 2.368536945684132888e+01 2.368535086703553816e+01
1.782788172681918013e+03 2.368380174191059950e+01 2.368381533328880550e+01 2.368379756031413308e+01
1.789515672681133083e+03 2.368231650330142202e+01 2.368232949747869043e+01 2.368231250544306477e+01
1.796243172680348152e+03 2.368089652564208336e+01 2.368090894885909847e+01 2.368089270344825081e+01
1.802970672679563222e+03 2.367953894137644966e+01 2.367955081872059964e+01 2.367953528712894240e+01
1.809698172678778292e+03 2.367824100896393702e+01 2.367825236442155301e+01 2.367823751528288767e+01
1.816425672677993362e+03 2.367700010732420424e+01 2.367701096382592141e+01 2.367699676715437818e+01
1.823153172677208431e+03 2.367581373054565574e+01 2.367582411001592391e+01 2.367581053714201289e+01
1.829880672676423501e+03 2.367467948280932433e+01 2.367468940620847206e+01 2.367467642972297881e+01
1.836608172675638571e+03 2.367359507357872417e+01 2.367360456094684196e+01 2.367359215464398403e+01
1.843335672674853640e+03 2.367255831297717350e+01 2.367256738347271039e+01 2.367255552229971727e+01
1.850063172674068710e+03 2.367156710733183900e+01 2.367157577927230250e+01 2.367156443927586906e+01
1.856790672673283780e+03 2.367061945497607667e+01 2.367062774587458307e+01 2.367061690415368957e+01
1.863518172672498849e+03 2.366971344218154627e+01 2.366972136878013089e+01 2.366971100344142087e+01
1.870245672671713919e+03 2.366884723932275847e+01 2.366885481762852805e+01 2.366884490774043570e+01
1.876973172670928989e+03 2.366801909715991314e+01 2.366802634247727610e+01 2.366801686802659788e+01
1.883700672670144058e+03 2.366722734332648770e+01 2.366723427028745164e+01 2.366722521214046537e+01
1.890428172669359128e+03 2.366647037892414573e+01 2.366647700151582967e+01 2.366646834138191480e+01
1.897155672668574198e+03 2.366574667531466503e+01 2.366575300691198436e+01 2.366574472730133039e+01
1.903883172667789268e+03 2.366505477103163457e+01 2.366506082442026582e+01 2.366505290861368849e+01
1.910610672667004337e+03 2.366439326881538818e+01 2.366439905622019069e+01 2.366439148823144478e+01
1.917338172666219407e+03 2.366376083281249976e+01 2.366376636591996885e+01 2.366375913046681490e+01
1.924065672665434477e+03 2.366315618586156688e+01 2.366316147584626606e+01 2.366315455831642112e+01
1.930793172664649546e+03 2.366257810691593022e+01 2.366258316446021581e+01 2.366257655088463707e+01
1.937520672663864616e+03 2.366202542859241476e+01 2.366203026391002595e+01 2.366202394093261319e+01
1.944248172663079686e+03 2.366149703480078870e+01 2.366150165765697011e+01 2.366149561250830402e+01
1.950975672662294755e+03 2.366099185847599529e+01 2.366099627820392470e+01 2.366099049867875692e+01
1.957703172661509825e+03 2.366050887945027625e+01 2.366051310497681470e+01 2.366050757940206495e+01
1.964430672660724895e+03 2.366004712238168395e+01 2.366005116224010862e+01 2.366004587945712956e+01
1.971158172659939964e+03 2.365960565478383160e+01 2.365960951713225313e+01 2.365960446647318349e+01
1.977885672659155034e+03 2.365918358514034026e+01 2.365918727777807362e+01 2.365918244904349876e+01
1.984613172658370104e+03 2.365878006110841625e+01 2.365878359149326116e+01 2.365877897493135151e+01
1.991340672657585174e+03 2.365839426780490840e+01 2.365839764306542747e+01 2.365839322935420341e+01
1.998068172656800243e+03 2.365802542614466120e+01 2.365802865309734671e+01 2.365802443332319172e+01
