1.100863636363636367e-03 2.365000000000003411e+01 2.365000000000003411e+01 2.365000000000003411e+01
1.100973722727171378e+01 2.522525628860103097e+01 2.365040889774303423e+01 2.365000000021461801e+01
2.201837359090585267e+01 2.609228645441174876e+01 2.390081919818959477e+01 2.369670476151264893e+01
3.302700995454330268e+01 2.658311561557610503e+01 2.423030266890094708e+01 2.389014922925667861e+01
4.403564631821296871e+01 2.695945776052479914e+01 2.454575297600086969e+01 2.415094103585170160e+01
5.504428268188263473e+01 2.727876740362131613e+01 2.484160931910207637e+01 2.442540440618449793e+01
6.605291904555230076e+01 2.756368683788559792e+01 2.511754180367847766e+01 2.469290160978709991e+01
7.706155540922196678e+01 2.782385090821378526e+01 2.537431963293835224e+01 2.494627978561237569e+01
8.807019177289163281e+01 2.806380475507614847e+01 2.561305193794868273e+01 2.518357420497454768e+01
9.907882813656129883e+01 2.828606300381198935e+01 2.583492153516243661e+01 2.540477508865853906e+01
1.100874645002309649e+02 2.849229962023593998e+01 2.604108643279732860e+01 2.561057740511898828e+01
1.210961008639006309e+02 2.868381305349458898e+01 2.623264544101897400e+01 2.580189985889620630e+01
1.321047372275702969e+02 2.886171011043808221e+01 2.641062835217195470e+01 2.597970188606024067e+01
1.431133735912399629e+02 2.902698051749371189e+01 2.657599539855112880e+01 2.614491595551623959e+01
1.541220099549096290e+02 2.918052886451971517e+01 2.672964007609914461e+01 2.629842434969924625e+01
1.651306463185792950e+02 2.932318980828216581e+01 2.687239305819235824e+01 2.644105297756948403e+01
1.761392826822489610e+02 2.945573658503207071e+01 2.700502633228052218e+01 2.657357159236102007e+01
1.871479190459186270e+02 2.957888674309947419e+01 2.712825723727860350e+01 2.669669630728810716e+01
1.981565554095882931e+02 2.969330662513385732e+01 2.724275228996987153e+01 2.681109282997147147e+01
2.091651917732579591e+02 2.979961520535130148e+01 2.734913076932747344e+01 2.691737981540552482e+01
2.201738281369276251e+02 2.989838752785686893e+01 2.744796805804520545e+01 2.701613211610407461e+01
2.311824645005972911e+02 2.999015785201964945e+01 2.753979875157426704e+01 2.710788385414167578e+01
2.421911008642669572e+02 3.007542255580420942e+01 2.762511954847190054e+01 2.719313129570770116e+01
2.531997372279366232e+02 3.015464282586543732e+01 2.770439193648985565e+01 2.727233552972813868e+01
2.642083735913943769e+02 3.022824715409421970e+01 2.777804468852536957e+01 2.734592495966643355e+01
2.752170099547798259e+02 3.029663365605142644e+01 2.784647618171055683e+01 2.741429761984551305e+01
2.862256463181652748e+02 3.036017222463658527e+01 2.791005655216190462e+01 2.747782332804206362e+01
2.972342826815507237e+02 3.041920653088982363e+01 2.796912969696762730e+01 2.753684568563784296e+01
3.082429190449361727e+02 3.047405588292360790e+01 2.802401513429231272e+01 2.759168393607859571e+01
3.192515554083216216e+02 3.052501695301270956e+01 2.807500973158272473e+01 2.764263469157702957e+01
3.302601917717070705e+02 3.057236538227169831e+01 2.812238931129434150e+01 2.768997353745214696e+01
3.412688281350925195e+02 3.061635727156544817e+01 2.816641014277985278e+01 2.773395652273148926e+01
3.522774644984779684e+02 3.065723056670395863e+01 2.820731032839211139e+01 2.777482154506321876e+01
3.632861008618634173e+02 3.069520634547245663e+01 2.824531109136324858e+01 2.781278963748638944e+01
3.742947372252488663e+02 3.073049001340780251e+01 2.828061797236603070e+01 2.784806616396321033e+01
3.853033735886343152e+02 3.076327241481055808e+01 2.831342194125710421e+01 2.788084193016669587e+01
3.963120099520197641e+02 3.079373086498026169e+01 2.834390042999115167e+01 2.791129421550783718e+01
4.073206463154052130e+02 3.082203010929953280e+01 2.837221829233692461e+01 2.793958773202456314e+01
4.183292826787906620e+02 3.084832321431900937e+01 2.839852869554709969e+01 2.796587551528637050e+01
4.293379190421761109e+02 3.087275239567122753e+01 2.842297394881779837e+01 2.799029975214182286e+01
4.403465554055615598e+02 3.089544978729327340e+01 2.844568627301674724e+01 2.801299254978323461e+01
4.513551917689470088e+02 3.091653815611829259e+01 2.846678851584505310e+01 2.803407665029590135e+01
4.623638281323324577e+02 3.093613156610609849e+01 2.848639481630533510e+01 2.805366609455296611e+01
4.733724644957179066e+02 3.095433599519378731e+01 2.850461122205695119e+01 2.807186683904143365e+01
4.843811008591033556e+02 3.097124990852944393e+01 2.852153626302862222e+01 2.808877732897968826e+01
4.953897372224888045e+02 3.098696479103875845e+01 2.853726148433338494e+01 2.810448903077713112e+01
5.063983735858742534e+02 3.100156564227012268e+01 2.855187194144087925e+01 2.811908692677792487e+01
5.174070099492597592e+02 3.101513143612606882e+01 2.856544666021045487e+01 2.813264997490023234e+01
5.284156463126452081e+02 3.102773554804474543e+01 2.857805906435351062e+01 2.814525153573060834e+01
5.394242826760306571e+02 3.103944615185679368e+01 2.858977737255275997e+01 2.815695976930186362e+01
5.504329190394161060e+02 3.105032658853582461e+01 2.860066496745338327e+01 2.816783800376686031e+01
5.614415554028015549e+02 3.106043570880757443e+01 2.861078073849887460e+01 2.817794507793990988e+01
5.724501917661870039e+02 3.106982819144656105e+01 2.862017940043676845e+01 2.818733565952857134e+01
5.834588281295724528e+02 3.107855483904137373e+01 2.862891178927867486e+01 2.819606054083891422e+01
5.944674644929579017e+02 3.108666285277689667e+01 2.863702513726332199e+01 2.820416691350254723e+01
6.054761008563433506e+02 3.109419608774106791e+01 2.864456332833043462e+01 2.821169862373045589e+01
6.164847372197287996e+02 3.110119529011518580e+01 2.865156713546838319e+01 2.821869640945715219e+01
6.274933735831142485e+02 3.110769831758011605e+01 2.865807444126426162e+01 2.822519812070112266e+01
6.385020099464996974e+02 3.111374034407879208e+01 2.866412044280224336e+01 2.823123892428594672e+01
6.495106463098851464e+02 3.111935405006499877e+01 2.866973784203656805e+01 2.823685149405127959e+01
6.605192826732705953e+02 3.112456979926912481e+01 2.867495702267342494e+01 2.824206618758108789e+01
6.715279190366560442e+02 3.112941580293471588e+01 2.867980621451698653e+01 2.824691121040950748e+01
6.825365554000414932e+02 3.113391827239513532e+01 2.868431164614452200e+01 2.825141276856425065e+01
6.935451917634269421e+02 3.113810156086020697e+01 2.868849768678830969e+01 2.825559521032658949e+01
7.045538281268123910e+02 3.114198829513765077e+01 2.869238697814182615e+01 2.825948115792419912e+01
7.155624644901978400e+02 3.114559949801497396e+01 2.869600055682349193e+01 2.826309162988951584e+01
7.265711008535832889e+02 3.114895470197194527e+01 2.869935796816383800e+01 2.826644615474901912e+01
7.375797372169687378e+02 3.115207205482101926e+01 2.870247737191414217e+01 2.826956287664199863e+01
7.485883735803541867e+02 3.115496841788188931e+01 2.870537564048777313e+01 2.827245865347532572e+01
7.595970099437396357e+02 3.115765945716407259e+01 2.870806845020007358e+01 2.827514914808762114e+01
7.706056463071250846e+02 3.116015972811578649e+01 2.871057036607595592e+01 2.827764891298153316e+01
7.816142826705105335e+02 3.116248275434259085e+01 2.871289492061794135e+01 2.827997146902481518e+01
7.926229190338959825e+02 3.116464110075844474e+01 2.871505468700649999e+01 2.828212937858870646e+01
8.036315553972814314e+02 3.116664644155054020e+01 2.871706134710893821e+01 2.828413431349724760e+01
8.146401917606668803e+02 3.116850962331744768e+01 2.871892575466011976e+01 2.828599711815394357e+01
8.256488281240523293e+02 3.117024072374266552e+01 2.872065799397353203e+01 2.828772786820212559e+01
8.366574644874377782e+02 3.117184910609887538e+01 2.872226743448180741e+01 2.828933592501971361e+01
8.476661008508232271e+02 3.117334346989474625e+01 2.872376278141700823e+01 2.829082998635453805e+01
8.586747372142086761e+02 3.117473189793037136e+01 2.872515212289732744e+01 2.829221813337068170e+01
8.696833735775941250e+02 3.117602190001963436e+01 2.872644297367708077e+01 2.829350787436180781e+01
8.806920099409795739e+02 3.117722045358539162e+01 2.872764231576883276e+01 2.829470618533895276e+01
8.917006463043650228e+02 3.117833404144829501e+01 2.872875663625961806e+01 2.829581954781019704e+01
9.027092826677504718e+02 3.117936868682699014e+01 2.872979196232972754e+01 2.829685398377546335e+01
9.137179190311359207e+02 3.118032998599039729e+01 2.873075389393045498e+01 2.829781508837055526e+01
9.247265553945213696e+02 3.118122313844600058e+01 2.873164763398926880e+01 2.829870806005106942e+01
9.357351917579068186e+02 3.118205297514714402e+01 2.873247801663887913e+01 2.829953772879213147e+01
9.467438281212922675e+02 3.118282398455022530e+01 2.873324953328761922e+01 2.830030858214217915e+01
9.577524644846777164e+02 3.118354033693060501e+01 2.873396635695530676e+01 2.830102478953199352e+01
9.687611008480631654e+02 3.118420590695069450e+01 2.873463236485235939e+01 2.830169022483971730e+01
9.797697372114486143e+02 3.118482429456997806e+01 2.873525115930823404e+01 2.830230848729644322e+01
9.907783735748340632e+02 3.118539884455975653e+01 2.873582608729338972e+01 2.830288292099663749e+01
1.001787009938219512e+03 3.118593266458577773e+01 2.873636025851874365e+01 2.830341663297656396e+01
1.012795646301604961e+03 3.118642864200063514e+01 2.873685656223614160e+01 2.830391251000492048e+01
1.023804282664990410e+03 3.118688945946985314e+01 2.873731768287638033e+01 2.830437323420420626e+01
1.034812919028375973e+03 2.899148308864357659e+01 2.860858711305780844e+01 2.829395270999111744e+01
1.045821555391761422e+03 2.842332886536792103e+01 2.828285924677493313e+01 2.815153770601676797e+01
1.056830191755146870e+03 2.801367855928384643e+01 2.796103979679554641e+01 2.790775809744457092e+01
1.067838828118532319e+03 2.767676407388205462e+01 2.765789401804943282e+01 2.763521946218770609e+01
1.078847464481917768e+03 2.738061630325489659e+01 2.737472656633457291e+01 2.736406801598354832e+01
1.089856100845303217e+03 2.711200721000233216e+01 2.711104937763570888e+01 2.710518256724560615e+01
1.100864737208688666e+03 2.686497757642769102e+01 2.686583812421758921e+01 2.686195226432317895e+01
1.111873373572074115e+03 2.663644393667749455e+01 2.663792224069226222e+01 2.663491870999212097e+01
1.122882009935459564e+03 2.642449265158597882e+01 2.642612935257244544e+01 2.642357405697572403e+01
1.133890646298845013e+03 2.622771458869090111e+01 2.622933731904294063e+01 2.622705441362734291e+01
1.144899282662230462e+03 2.604494353277908658e+01 2.604649080016019980e+01 2.604440511118065160e+01
1.155907919025615911e+03 2.587515140027409188e+01 2.587660432615291484e+01 2.587468021125312134e+01
1.166916555389001360e+03 2.571740449304456888e+01 2.571876037068523146e+01 2.571697797638927341e+01
1.177925191752386809e+03 2.557084364149272915e+01 2.557210570783172443e+01 2.557045173058918408e+01
1.188933828115772258e+03 2.543467381603426247e+01 2.543584730884140299e+01 2.543431138223462540e+01
1.199942464479157707e+03 2.530815760063586595e+01 2.530924825118711396e+01 2.530782151688185877e+01
1.210951100842543156e+03 2.519061034098291429e+01 2.519162380960062819e+01 2.519029833704797738e+01
1.221959737205928604e+03 2.508139610655473462e+01 2.508233778232903433e+01 2.508110631943253566e+01
1.232968373569314053e+03 2.497992412117247341e+01 2.498079906158022823e+01 2.497965491542584004e+01
1.243977009932699502e+03 2.488564551724505236e+01 2.488645844078808977e+01 2.488539541040313452e+01
1.254985646296084951e+03 2.479805034750694404e+01 2.479880564577217683e+01 2.479781797655027731e+01
1.265994282659470400e+03 2.471666481922676439e+01 2.471736657542061266e+01 2.471644892332892596e+01
1.277002919022855849e+03 2.464104872858297313e+01 2.464170073759197521e+01 2.464084813845613553e+01
1.288011555386241298e+03 2.457079307854502304e+01 2.457139886667721385e+01 2.457060670862961160e+01
1.299020191749626747e+03 2.450551786620331995e+01 2.450608070995821208e+01 2.450534470822015010e+01
1.310028828113012196e+03 2.444487002724144986e+01 2.444539297091250774e+01 2.444470914451403587e+01
1.321037464476397645e+03 2.438852152617425872e+01 2.438900739827033703e+01 2.438837204847624207e+01
1.332046100839783094e+03 2.433616758203629615e+01 2.433661901056279930e+01 2.433602870085093173e+01
1.343054737203168543e+03 2.428752501985906065e+01 2.428794444652521634e+01 2.428739598399272381e+01
1.354063373566553992e+03 2.424233073900234103e+01 2.424272043242547170e+01 2.424221085051641467e+01
1.365072009929939441e+03 2.420034029008417065e+01 2.420070235806019809e+01 2.420022890051836839e+01
1.376080646293324889e+03 2.416132655279915298e+01 2.416166295370157968e+01 2.416122305966308659e+01
1.387089282656710338e+03 2.412507850744270854e+01 2.412539106081521822e+01 2.412498235095648624e+01
1.398097919020095787e+03 2.409140009353586720e+01 2.409169048993487650e+01 2.409131075360289742e+01
1.409106555383481236e+03 2.406010914937280631e+01 2.406037895951101291e+01 2.406002614276604845e+01
1.420115191746866685e+03 2.403103642673193008e+01 2.403128710997350481e+01 2.403095930448063200e+01
1.431123828110252134e+03 2.400402467542761542e+01 2.400425758768233209e+01 2.400395302038896261e+01
1.442132464473637583e+03 2.397892779277634645e+01 2.397914419383306495e+01 2.397886121737809617e+01
1.453141100837023032e+03 2.395561003334137240e+01 2.395581109368214356e+01 2.395554817748711685e+01
1.464149737200408481e+03 2.393394527470366029e+01 2.393413208183505958e+01 2.393388780382360892e+01
1.475158373563793930e+03 2.391381633529675810e+01 2.391398989963181521e+01 2.391376293853932111e+01
1.486167009927179379e+03 2.389511434058169925e+01 2.389527560090522229e+01 2.389506472913143398e+01
1.497175646290564828e+03 2.387773813414833057e+01 2.387788796269410341e+01 2.387769203966405485e+01
1.508184282653950277e+03 2.386159373059547306e+01 2.386173293776454329e+01 2.386155090375876853e+01
1.519192919017335726e+03 2.384659380715692123e+01 2.384672314590079623e+01 2.384655401632363692e+01
1.530201555380721175e+03 2.383265723140283399e+01 2.383277740129642552e+01 2.383262026134985945e+01
1.541210191744106623e+03 2.381970862239580811e+01 2.381982027342081665e+01 2.381967427315754549e+01
1.552218828107492072e+03 2.380767794296269813e+01 2.380778167902332143e+01 2.380764602874893399e+01
1.563227464470877521e+03 2.379650012089035727e+01 2.379659650308013852e+01 2.379647046908200991e+01
1.574236100834262970e+03 2.378611469693964864e+01 2.378620424657594867e+01 2.378608714715420547e+01
1.585244737197648419e+03 2.377646549784333274e+01 2.377654869928750259e+01 2.377643990106787442e+01
1.596253373561033868e+03 2.376750033247503779e+01 2.376757763575147919e+01 2.376747655026025541e+01
1.607262009924419317e+03 2.375917070954068322e+01 2.375924253277162279e+01 2.375914861325196625e+01
1.618270646287804766e+03 2.375143157530214921e+01 2.375149830696949493e+01 2.375141104542399262e+01
1.629279282651190215e+03 2.374424106989226857e+01 2.374430307093814463e+01 2.374422199538145151e+01
1.640287919014575664e+03 2.373756030090504510e+01 2.373761790668362437e+01 2.373754257859002337e+01
1.651296555377961113e+03 2.373135313301696669e+01 2.373140665510976532e+01 2.373133666704063671e+01
1.662305191741346562e+03 2.372558599254858791e+01 2.372563572044941793e+01 2.372557069384896522e+01
1.673313828104732011e+03 2.372022768586617758e+01 2.372027388854576202e+01 2.372021347169436467e+01
1.684322464468117460e+03 2.371524923065055646e+01 2.371529215801263035e+01 2.371523602412440823e+01
1.695331100831502908e+03 2.371062369915841828e+01 2.371066358339089675e+01 2.371061142884542505e+01
1.706339737194888357e+03 2.370632607255350877e+01 2.370636312938449919e+01 2.370631467208568210e+01
1.717348373558273806e+03 2.370233310559041229e+01 2.370236753545492547e+01 2.370232251330418194e+01
1.728357009921659255e+03 2.369862320088452634e+01 2.369865519000870790e+01 2.369861335948769465e+01
1.739365646285044704e+03 2.369517629209451570e+01 2.369520601350308198e+01 2.369516714835634730e+01
1.750374282648430153e+03 2.369197373538202100e+01 2.369200134983378803e+01 2.369196523984533087e+01
1.761382919011815602e+03 2.368899820858291605e+01 2.368902386544061756e+01 2.368899031529645072e+01
1.772391555375201051e+03 2.368623361749325795e+01 2.368625745553111983e+01 2.368622628376368766e+01
1.783400191738586500e+03 2.368366500883797698e+01 2.368368715699239146e+01 2.368365819499786085e+01
1.794408828101971949e+03 2.368127848938104307e+01 2.368129906744803748e+01 2.368127215857543888e+01
1.805417464465357398e+03 2.367906115078312723e+01 2.367908027006654947e+01 2.367905526876950262e+01
1.816426100828742847e+03 2.367700099977730588e+01 2.367701876369079628e+01 2.367699553474096774e+01
1.827434737192128296e+03 2.367508689330418292e+01 2.367510339792988816e+01 2.367508181568518921e+01
1.838443373555513745e+03 2.367330847823666318e+01 2.367332381284575149e+01 2.367330376057128660e+01
1.849452009918899194e+03 2.367165613538355728e+01 2.367167038291876224e+01 2.367165175215438921e+01
1.860460646282284642e+03 2.367012092745829932e+01 2.367013416498252809e+01 2.367011685495720030e+01
1.871469282645670091e+03 2.366869455073845074e+01 2.366870684985156004e+01 2.366869076693791385e+01
1.882477919009055540e+03 2.366736929016235536e+01 2.366738071738910776e+01 2.366736577459624868e+01
1.893486555372440989e+03 2.366613797758634519e+01 2.366614859473446586e+01 2.366613471123940826e+01
1.904495191735826438e+03 2.366499395300746755e+01 2.366500381750341830e+01 2.366499091821259526e+01
1.915503828099211887e+03 2.366393102857705344e+01 2.366394019377702307e+01 2.366392820891945803e+01
1.926512464462597336e+03 2.366294345507071739e+01 2.366295197054779464e+01 2.366294083529908221e+01
1.937521100825982785e+03 2.366202589086282160e+01 2.366203380267569401e+01 2.366202345680756025e+01
1.948529737189368234e+03 2.366117337297112044e+01 2.366118072391378746e+01 2.366117111146655816e+01
1.959538373552753683e+03 2.366038129024366299e+01 2.366038812007616343e+01 2.366037918905772131e+01
1.970547009916139132e+03 2.365964535843357908e+01 2.365965170409833718e+01 2.365964340620092798e+01
1.981555646279524581e+03 2.365896159697740586e+01 2.365896749279625055e+01 2.365895978313892556e+01
1.992564282642910030e+03 2.365832630751248189e+01 2.365833178537502590e+01 2.365832462225762356e+01
