1.476768292682926770e-03 2.365000000000003411e+01 2.365000000000003411e+01 2.365000000000003411e+01
1.476915969512306859e+01 2.679681949969744892e+01 2.369755439475954972e+01 2.365038159284466701e+01
2.953684262195368504e+01 2.793670268435994331e+01 2.418788473258746308e+01 2.378191729998860637e+01
4.430452554878429794e+01 2.866699662753291022e+01 2.471292778702400028e+01 2.412857634661105521e+01
5.907220847561491439e+01 2.922937850861700326e+01 2.519904052727417820e+01 2.454571971404379838e+01
7.383989140239818028e+01 2.970176137910453917e+01 2.564285072875441074e+01 2.496312486680653819e+01
8.860757432915774245e+01 3.011573159328236216e+01 2.604622839271746670e+01 2.535624828503983963e+01
1.033752572559173046e+02 3.048551056806672932e+01 2.641219139373771441e+01 2.571808880748579895e+01
1.181429401826768668e+02 3.081855075380929065e+01 2.674395959963004543e+01 2.604807561967197671e+01
1.329106231094836801e+02 3.111955101549170877e+01 2.704463354802993535e+01 2.634787410270229202e+01
1.476783060363853508e+02 3.139199257025796896e+01 2.731709175839182535e+01 2.661981828728283972e+01
1.624459889632870215e+02 3.163873619822658156e+01 2.756396854112682604e+01 2.686633487249207519e+01
1.772136718901886923e+02 3.186226304245349183e+01 2.778766066396036649e+01 2.708974052923537101e+01
1.919813548170903630e+02 3.206477926519238508e+01 2.799034351259325604e+01 2.729217890138733082e+01
2.067490377439920337e+02 3.224826795876640517e+01 2.817398955918935144e+01 2.747560913599477317e+01
2.215167206708937044e+02 3.241451995766885830e+01 2.834038654239645894e+01 2.764181273305581499e+01
2.362844035977953752e+02 3.256515562395571806e+01 2.849115448647887661e+01 2.779240626987376572e+01
2.510520865246970459e+02 3.270164226813380992e+01 2.862776132856322420e+01 2.792885539418659846e+01
2.658197694514097407e+02 3.282530905741032257e+01 2.875153715619472905e+01 2.805248843438147333e+01
2.805874523780271943e+02 3.293736019238014023e+01 2.886368713714284695e+01 2.816450908345393600e+01
2.953551353046446479e+02 3.303888672082950961e+01 2.896530324590855798e+01 2.826600802469369000e+01
3.101228182312621016e+02 3.313087719457882940e+01 2.905737489302930499e+01 2.835797351573296510e+01
3.248905011578795552e+02 3.321422730746286334e+01 2.914079855760002147e+01 2.844130099748673501e+01
3.396581840844970088e+02 3.328974862128177392e+01 2.921638651564632028e+01 2.851680180774593509e+01
3.544258670111144625e+02 3.335817646959748117e+01 2.928487474889954001e+01 2.858521107905289682e+01
3.691935499377319161e+02 3.342017711818618864e+01 2.934693011081344594e+01 2.864719489578124012e+01
3.839612328643493697e+02 3.347635425256851249e+01 2.940315681953529747e+01 2.870335677936668617e+01
3.987289157909668234e+02 3.352725485604128153e+01 2.945410234101569813e+01 2.875424356453817154e+01
4.134965987175842770e+02 3.357337453556925766e+01 2.950026271956039636e+01 2.880035072368622195e+01
4.282642816442017306e+02 3.361516234739963238e+01 2.954208740768751795e+01 2.884212719113992307e+01
4.430319645708191842e+02 3.365302516942023203e+01 2.957998364233850452e+01 2.887997973432544541e+01
4.577996474974366379e+02 3.368733166283442415e+01 2.961432041004621851e+01 2.891427691436189207e+01
4.725673304240540915e+02 3.371841586173235328e+01 2.964543203967474483e+01 2.894535267465687411e+01
4.873350133506715451e+02 3.374658042548611547e+01 2.967362145768180426e+01 2.897350959241776991e+01
5.021026962772889988e+02 3.377209958569216042e+01 2.969916313766441363e+01 2.899902182479360135e+01
5.168703792040938652e+02 3.379522181628561839e+01 2.972230577282675767e+01 2.902213777826489149e+01
5.316380621312797530e+02 3.381617225286697703e+01 2.974327469744378050e+01 2.904308252731300399e+01
5.464057450584656408e+02 3.383515488480526301e+01 2.976227408089829396e+01 2.906206000592914052e+01
5.611734279856515286e+02 3.385235454143048628e+01 2.977948891562562039e+01 2.907925499326688623e+01
5.759411109128374164e+02 3.386793869167058801e+01 2.979508681833948458e+01 2.909483491278984957e+01
5.907087938400233043e+02 3.388205907464845268e+01 2.980921966206699381e+01 2.910895146242779674e+01
6.054764767672091921e+02 3.389485317714303392e+01 2.982202505491466127e+01 2.912174209163521255e+01
6.202441596943950799e+02 3.390644557225482458e+01 2.983362767991405917e+01 2.913333133969405253e+01
6.350118426215809677e+02 3.391694913235210151e+01 2.984414050904001670e+01 2.914383204833086438e+01
6.497795255487668555e+02 3.392646612807652673e+01 2.985366590318392355e+01 2.915334646042282429e+01
6.645472084759527434e+02 3.393508922413229811e+01 2.986229660882372627e+01 2.916196721551801829e+01
6.793148914031386312e+02 3.394290238153422479e+01 2.987011666106695884e+01 2.916977825183812456e+01
6.940825743303245190e+02 3.394998167511994325e+01 2.987720220188452913e+01 2.917685562356814444e+01
7.088502572575104068e+02 3.395639603426474196e+01 2.988362222147941338e+01 2.918326824137085396e+01
7.236179401846962946e+02 3.396220791404624606e+01 2.988943923004381986e+01 2.918907854336850960e+01
7.383856231118821825e+02 3.396747390334280681e+01 2.989470986639383909e+01 2.919434310307730129e+01
7.531533060390680703e+02 3.397224527582409337e+01 2.989948544944621744e+01 2.919911318024713864e+01
7.679209889662539581e+02 3.397656848919837103e+01 2.990381247790691077e+01 2.920343521997426706e+01
7.826886718934398459e+02 3.398048563755776286e+01 2.990773308301419320e+01 2.920735130492346343e+01
7.974563548206257337e+02 3.398403486123817174e+01 2.991128543876175172e+01 2.921089956507609031e+01
8.122240377478116216e+02 3.398725071817261778e+01 2.991450413357881644e+01 2.921411454898378679e+01
8.269917206749975094e+02 3.399016452038961233e+01 2.991742050712548462e+01 2.921702756017435831e+01
8.417594036021833972e+02 3.399280463887947690e+01 2.992006295542864791e+01 2.921966696193652524e+01
8.565270865293692850e+02 3.399519677984267219e+01 2.992245720737338388e+01 2.922205845349162701e+01
8.712947694565551728e+02 3.399736423498194426e+01 2.992462657521679148e+01 2.922422532021948882e+01
8.860624523837410607e+02 3.399932810828903484e+01 2.992659218157422174e+01 2.922618866038277474e+01
9.008301353109269485e+02 3.400110752152721716e+01 2.992837316508314416e+01 2.922796759055370330e+01
9.155978182381128363e+02 3.400271980041526376e+01 2.992998686675150566e+01 2.922957943174731099e+01
9.303655011652987241e+02 3.400418064332552603e+01 2.993144899880525145e+01 2.923103987807428439e+01
9.451331840924846119e+02 3.400550427413151056e+01 2.993277379766936974e+01 2.923236314954681347e+01
9.599008670196704998e+02 3.400670358070891552e+01 2.993397416259352894e+01 2.923356213054154296e+01
9.746685499468563876e+02 3.400779024041918319e+01 2.993506178124346206e+01 2.923464849525043974e+01
9.894362328740422754e+02 3.400877483380713784e+01 2.993604724350092283e+01 2.923563282134512065e+01
1.004203915801228163e+03 3.400966694761723375e+01 2.993694014457065578e+01 2.923652469296820300e+01
1.018971598728414051e+03 3.401047526815472111e+01 2.993774917842296190e+01 2.923733279406627616e+01
1.033739281654850174e+03 3.066368020211251633e+01 2.984126145782823869e+01 2.923544247877953239e+01
1.048506964580899194e+03 2.961271747901679419e+01 2.932959544949517294e+01 2.906934178905038380e+01
1.063274647506948213e+03 2.891322628895517255e+01 2.880953559513511664e+01 2.870691311079605157e+01
1.078042330432997232e+03 2.836639472371450665e+01 2.832962243923248025e+01 2.828766110815240609e+01
1.092810013359046252e+03 2.790356954975192139e+01 2.789184961750481762e+01 2.787313572016802254e+01
1.107577696285095271e+03 2.749654997126503986e+01 2.749409508739762487e+01 2.748443758625177225e+01
1.122345379211144291e+03 2.713242272172487901e+01 2.713328466412059470e+01 2.712729332865791321e+01
1.137113062137193310e+03 2.680425919146017577e+01 2.680620684334115822e+01 2.680182124301990143e+01
1.151880745063242330e+03 2.650758521604996076e+01 2.650979095792041562e+01 2.650621155515807459e+01
1.166648427989291349e+03 2.623902869446823161e+01 2.624119397603624293e+01 2.623809981839383454e+01
1.181416110915340369e+03 2.599579199871618584e+01 2.599781692554938672e+01 2.599506973362758799e+01
1.196183793841389388e+03 2.577543770510607146e+01 2.577729626137062269e+01 2.577482840246659634e+01
1.210951476767438407e+03 2.557579416063225608e+01 2.557748715492107294e+01 2.557525914505271203e+01
1.225719159693487427e+03 2.539490761156690724e+01 2.539644499301954284e+01 2.539442929624846101e+01
1.240486842619536446e+03 2.523101307701296037e+01 2.523240734431766441e+01 2.523058212575455173e+01
1.255254525545585466e+03 2.508251334447004410e+01 2.508377713939790965e+01 2.508212379245395596e+01
1.270022208471634485e+03 2.494796197440405194e+01 2.494910724919714085e+01 2.494760936002984408e+01
1.284789891397683505e+03 2.482604867084296529e+01 2.482708644331535197e+01 2.482572930803348754e+01
1.299557574323732524e+03 2.471558631702180264e+01 2.471652664126725085e+01 2.471529700067117119e+01
1.314325257249781544e+03 2.461549933872686324e+01 2.461635135138641317e+01 2.461523721571228407e+01
1.329092940175830563e+03 2.452481320220005045e+01 2.452558519190716879e+01 2.452457570663887054e+01
1.343860623101879582e+03 2.444264491419608021e+01 2.444334439490427258e+01 2.444242972848974205e+01
1.358628306027928602e+03 2.436819442027490368e+01 2.436882820162969665e+01 2.436799944726089961e+01
1.373395988953977621e+03 2.430073681327235136e+01 2.430131106586077294e+01 2.430056015380745293e+01
1.388163671880026641e+03 2.423961527445021602e+01 2.424013558948468017e+01 2.423945520816505450e+01
1.402931354806075660e+03 2.418423467797975945e+01 2.418470612158745325e+01 2.418408964624194368e+01
1.417699037732124680e+03 2.413405579626663666e+01 2.413448295875934946e+01 2.413392438689703567e+01
1.432466720658173699e+03 2.408859004957969319e+01 2.408897709012813948e+01 2.408847098306176804e+01
1.447234403584222719e+03 2.404739474885872141e+01 2.404774543598051650e+01 2.404728686586457798e+01
1.462002086510271738e+03 2.401006878535503120e+01 2.401038653360575381e+01 2.400997103545194022e+01
1.476769769436320757e+03 2.397624872512710681e+01 2.397653662834454735e+01 2.397616015654693911e+01
1.491537452362369777e+03 2.394560527036901476e+01 2.394586613179740198e+01 2.394552502074043332e+01
1.506305135288418796e+03 2.391784005312808858e+01 2.391807641271248031e+01 2.391776734107941138e+01
1.521072818214467816e+03 2.389268273014732813e+01 2.389289688926407962e+01 2.389261684769905969e+01
1.535840501140516835e+03 2.386988835061674763e+01 2.387008239448192626e+01 2.386982865628704076e+01
1.550608184066565855e+03 2.384923497114095881e+01 2.384941078911299428e+01 2.384918088370068290e+01
1.565375866992614874e+03 2.383052149472490555e+01 2.383068079870122347e+01 2.383047248753740632e+01
1.580143549918663894e+03 2.381356571274022826e+01 2.381371005382538897e+01 2.381352130863450611e+01
1.594911232844712913e+03 2.379820253080930570e+01 2.379833331441744804e+01 2.379816229743323674e+01
1.609678915770761932e+03 2.378428236132526763e+01 2.378440086086527572e+01 2.378424590693589380e+01
1.624446598696810952e+03 2.377166966693846462e+01 2.377177703621185856e+01 2.377163663658825499e+01
1.639214281622859971e+03 2.376024164087567669e+01 2.376033892531143010e+01 2.376021171295616341e+01
1.653981964548908991e+03 2.374988701119110601e+01 2.374997515802414227e+01 2.374985989430132349e+01
1.668749647474958010e+03 2.374050495734093147e+01 2.374058482483616217e+01 2.374048038745013400e+01
1.683517330401007030e+03 2.373200412852020236e+01 2.373207649432782773e+01 2.373198186639729101e+01
1.698285013327056049e+03 2.372430175419896159e+01 2.372436732292737815e+01 2.372428158308304091e+01
1.713052696253105069e+03 2.371732283820961129e+01 2.371738224828618513e+01 2.371730456169933632e+01
1.727820379179154088e+03 2.371099942852839604e+01 2.371105325841449485e+01 2.371098286866987337e+01
1.742588062105203107e+03 2.370526995563011496e+01 2.370531872945485929e+01 2.370525495118369008e+01
1.757355745031252127e+03 2.370007863301287898e+01 2.370012282567472539e+01 2.370006503788425789e+01
1.772123427957301146e+03 2.369537491401945317e+01 2.369541495581188428e+01 2.369536259583594529e+01
1.786891110883350166e+03 2.369111299966596107e+01 2.369114928046656132e+01 2.369110183848829365e+01
1.801658793809399185e+03 2.368725139271424496e+01 2.368728426578002200e+01 2.368724127986871508e+01
1.816426476735448205e+03 2.368375249362367185e+01 2.368378227903212974e+01 2.368374333064406301e+01
1.831194159661497224e+03 2.368058223445757449e+01 2.368060922222196041e+01 2.368057393212603756e+01
1.845961842587546244e+03 2.367770974716364663e+01 2.367773420005710250e+01 2.367770222464247354e+01
1.860729525513595263e+03 2.367510706302323342e+01 2.367512921913794344e+01 2.367510024706740523e+01
1.875497208439644282e+03 2.367274884032576665e+01 2.367276891539057715e+01 2.367274266457002341e+01
1.890264891365693302e+03 2.367061211762273842e+01 2.367063030710386329e+01 2.367060652193487158e+01
1.905032574291742321e+03 2.366867609015508833e+01 2.366869257115905611e+01 2.366867102005164725e+01
1.919800257217791341e+03 2.366692190729003187e+01 2.366693684028814459e+01 2.366691731340443994e+01
1.934567940143840360e+03 2.366533248897013664e+01 2.366534601936137960e+01 2.366532832657281915e+01
1.949335623069889380e+03 2.366389235941250035e+01 2.366390461893917063e+01 2.366388858797535022e+01
1.964103305995938399e+03 2.366258749642361181e+01 2.366259860445336471e+01 2.366258407922498463e+01
1.978870988921987419e+03 2.366140519486435778e+01 2.366141525955356428e+01 2.366140209863192467e+01
1.993638671848036438e+03 2.366033394294674963e+01 2.366034306229283857e+01 2.366033113753309181e+01
