1.476768292682926770e-03 2.365000000000003411e+01 2.365000000000003411e+01 2.365000000000003411e+01
1.476915969512306859e+01 2.574787966646482573e+01 2.368170292983967329e+01 2.365025439523014938e+01
2.953684262195368504e+01 2.650780178957330691e+01 2.400858982172508149e+01 2.373794486665929071e+01
4.430452554878429794e+01 2.699466441835528485e+01 2.435861852468269717e+01 2.396905089774077169e+01
5.907220847561491439e+01 2.736958567241117635e+01 2.468269368484959614e+01 2.424714647602939976e+01
7.383989140239818028e+01 2.768450758606934414e+01 2.497856715250298976e+01 2.452541657787116947e+01
8.860757432915774245e+01 2.796048772885467315e+01 2.524748559514483759e+01 2.478749885669327568e+01
1.033752572559173046e+02 2.820700704537756565e+01 2.549146092915839290e+01 2.502872587165717277e+01
1.181429401826768668e+02 2.842903383587258759e+01 2.571263973308657569e+01 2.524871707978132918e+01
1.329106231094836801e+02 2.862970067699410492e+01 2.591308903201979774e+01 2.544858273513483482e+01
1.476783060363853508e+02 2.881132838017146014e+01 2.609472783892772441e+01 2.562987885818836276e+01
1.624459889632870215e+02 2.897582413215076258e+01 2.625931236075103925e+01 2.579422324832796676e+01
1.772136718901886923e+02 2.912484202830205504e+01 2.640844044264014201e+01 2.594316035282355415e+01
1.919813548170903630e+02 2.925985284346131721e+01 2.654356234172860241e+01 2.607811926759092103e+01
2.067490377439920337e+02 2.938217863917708428e+01 2.666599303945912425e+01 2.620040609066296611e+01
2.215167206708937044e+02 2.949301330511246988e+01 2.677692436159770750e+01 2.631120848870375539e+01
2.362844035977953752e+02 2.959343708263691042e+01 2.687743632431926244e+01 2.641160417991585518e+01
2.510520865246970459e+02 2.968442817875552464e+01 2.696850755237517205e+01 2.650257026279081174e+01
2.658197694514097407e+02 2.976687270494016957e+01 2.705102477079663004e+01 2.658499228958766025e+01
2.805874523780271943e+02 2.984157346158656310e+01 2.712579142476181460e+01 2.665967272230255958e+01
2.953551353046446479e+02 2.990925781388574478e+01 2.719353549727196651e+01 2.672733868312877803e+01
3.101228182312621016e+02 2.997058479638457129e+01 2.725491659535163080e+01 2.678864901048757474e+01
3.248905011578795552e+02 3.002615153830805639e+01 2.731053237173301795e+01 2.684420066499080804e+01
3.396581840844970088e+02 3.007649908085380730e+01 2.736092434376377014e+01 2.689453453849671405e+01
3.544258670111144625e+02 3.012211764639755529e+01 2.740658316593231802e+01 2.694014071936794608e+01
3.691935499377319161e+02 3.016345141212451608e+01 2.744795340720969534e+01 2.698146326385483462e+01
3.839612328643493697e+02 3.020090283504515583e+01 2.748543787968969809e+01 2.701890451957763162e+01
3.987289157909668234e+02 3.023483657069289166e+01 2.751940156067604448e+01 2.705282904302430325e+01
4.134965987175842770e+02 3.026558302371347509e+01 2.755017514637438580e+01 2.708356714912497409e+01
4.282642816442017306e+02 3.029344156493181117e+01 2.757805827179049629e+01 2.711141812742550883e+01
4.430319645708191842e+02 3.031868344627923761e+01 2.760332242822488524e+01 2.713665315621608443e+01
4.577996474974366379e+02 3.034155444189110540e+01 2.762621360669919568e+01 2.715951794290947419e+01
4.725673304240540915e+02 3.036227724115485671e+01 2.764695469311658371e+01 2.718023511643821166e+01
4.873350133506715451e+02 3.038105361698990237e+01 2.766574763845369489e+01 2.719900639494443340e+01
5.021026962772889988e+02 3.039806639046014425e+01 2.768277542510838884e+01 2.721601454986114277e+01
5.168703792040938652e+02 3.041348121085690082e+01 2.769820384855097473e+01 2.723142518550980640e+01
5.316380621312797530e+02 3.042744816857788237e+01 2.771218313162916047e+01 2.724538835154214667e+01
5.464057450584656408e+02 3.044010325653880500e+01 2.772484938726745440e+01 2.725804000395487492e+01
5.611734279856515286e+02 3.045156969428859384e+01 2.773632594375214921e+01 2.726950332884615591e+01
5.759411109128374164e+02 3.046195912777830017e+01 2.774672454555764034e+01 2.727988994185807314e+01
5.907087938400233043e+02 3.047137271642776568e+01 2.775614644137357345e+01 2.728930097494753682e+01
6.054764767672091921e+02 3.047990211808951244e+01 2.776468336993741559e+01 2.729782806108460136e+01
6.202441596943950799e+02 3.048763038150053717e+01 2.777241845327364445e+01 2.730555422646028774e+01
6.350118426215809677e+02 3.049463275490381875e+01 2.777942700602926607e+01 2.731255469888986909e+01
6.497795255487668555e+02 3.050097741872190227e+01 2.778577726879370857e+01 2.731889764028636591e+01
6.645472084759527434e+02 3.050672614942709515e+01 2.779153107255490340e+01 2.732464481035117387e+01
6.793148914031386312e+02 3.051193492102981963e+01 2.779674444071849848e+01 2.732985216789933247e+01
6.940825743303245190e+02 3.051665445008404731e+01 2.780146813459379018e+01 2.733457041571625723e+01
7.088502572575104068e+02 3.052093068951097621e+01 2.780574814765418523e+01 2.733884549424863053e+01
7.236179401846962946e+02 3.052480527603057681e+01 2.780962615336244426e+01 2.734271902891231321e+01
7.383856231118821825e+02 3.052831593556140888e+01 2.781313991092895321e+01 2.734622873538461363e+01
7.531533060390680703e+02 3.053149685054899010e+01 2.781632363296375843e+01 2.734940878683107712e+01
7.679209889662539581e+02 3.053437899279867906e+01 2.781920831860446697e+01 2.735229014664940905e+01
7.826886718934398459e+02 3.053699042503654937e+01 2.782182205534098784e+01 2.735490086994718695e+01
7.974563548206257337e+02 3.053935657415217975e+01 2.782419029250121412e+01 2.735726637671086792e+01
8.122240377478116216e+02 3.054150047877152474e+01 2.782633608904234279e+01 2.735940969931237987e+01
8.269917206749975094e+02 3.054344301358105440e+01 2.782828033807180645e+01 2.736135170677101769e+01
8.417594036021833972e+02 3.054520309257543431e+01 2.783004197027469218e+01 2.736311130794683777e+01
8.565270865293692850e+02 3.054679785322099406e+01 2.783163813824154431e+01 2.736470563565370639e+01
8.712947694565551728e+02 3.054824282331765062e+01 2.783308438347444280e+01 2.736615021347631682e+01
8.860624523837410607e+02 3.054955207219040858e+01 2.783439478771413178e+01 2.736745910691990957e+01
9.008301353109269485e+02 3.055073834768199958e+01 2.783558211005282601e+01 2.736864506036670264e+01
9.155978182381128363e+02 3.055181320027361380e+01 2.783665791116465016e+01 2.736971962116211898e+01
9.303655011652987241e+02 3.055278709554551142e+01 2.783763266586561258e+01 2.737069325204492998e+01
9.451331840924846119e+02 3.055366951607942383e+01 2.783851586510490961e+01 2.737157543302322438e+01
9.599008670196704998e+02 3.055446905379494638e+01 2.783931610838482129e+01 2.737237475368380046e+01
9.746685499468563876e+02 3.055519349360440629e+01 2.784004118748754308e+01 2.737309899682543346e+01
9.894362328740422754e+02 3.055584988919048328e+01 2.784069816231971117e+01 2.737375521421614621e+01
1.004203915801228163e+03 3.055644463173541681e+01 2.784129342970459220e+01 2.737434979530303281e+01
1.018971598728414051e+03 3.055698351208900476e+01 2.784183278560141162e+01 2.737488852936360217e+01
1.033739281654850174e+03 2.832578680139653216e+01 2.777750763854032812e+01 2.737362831917448602e+01
1.048506964580899194e+03 2.762514498600035040e+01 2.743639696631942115e+01 2.726289452602276242e+01
1.063274647506948213e+03 2.715881752596021670e+01 2.708969039674690293e+01 2.702127540718754517e+01
1.078042330432997232e+03 2.679426314913422402e+01 2.676974829281266466e+01 2.674177407209265311e+01
1.092810013359046252e+03 2.648571303315998193e+01 2.647789974499522714e+01 2.646542381343704164e+01
1.107577696285095271e+03 2.621436664750279988e+01 2.621273005825781865e+01 2.620629172416050778e+01
1.122345379211144291e+03 2.597161514781004144e+01 2.597218977607377610e+01 2.596819555243195055e+01
1.137113062137193310e+03 2.575283946096749332e+01 2.575413789555477706e+01 2.575121416200715885e+01
1.151880745063242330e+03 2.555505681069462298e+01 2.555652730527475569e+01 2.555414103676645254e+01
1.166648427989291349e+03 2.537601912964049689e+01 2.537746265068579987e+01 2.537539987892432691e+01
1.181416110915340369e+03 2.521386133247290218e+01 2.521521128369505504e+01 2.521337982241396958e+01
1.196183793841389388e+03 2.506695847006687927e+01 2.506819750757659904e+01 2.506655226830702077e+01
1.210951476767438407e+03 2.493386277375134341e+01 2.493499143661068729e+01 2.493350609669897722e+01
1.225719159693487427e+03 2.481327174104148980e+01 2.481429666200966722e+01 2.481295286416229828e+01
1.240486842619536446e+03 2.470400871800518416e+01 2.470493822954199459e+01 2.470372141716671877e+01
1.255254525545585466e+03 2.460500889631020982e+01 2.460585142626234756e+01 2.460474919496641633e+01
1.270022208471634485e+03 2.451530798293367752e+01 2.451607149946232767e+01 2.451507290668422456e+01
1.284789891397683505e+03 2.443403244722622958e+01 2.443472429554100245e+01 2.443381953868646406e+01
1.299557574323732524e+03 2.436039087801248115e+01 2.436101776084262838e+01 2.436019800044533667e+01
1.314325257249781544e+03 2.429366622581579804e+01 2.429423423425549800e+01 2.429349147713941193e+01
1.329092940175830563e+03 2.423320880146559375e+01 2.423372346127069932e+01 2.423305047109164434e+01
1.343860623101879582e+03 2.417842994279601498e+01 2.417889626326820007e+01 2.417828648565853200e+01
1.358628306027928602e+03 2.412879628018180256e+01 2.412921880108507366e+01 2.412866629817256126e+01
1.373395988953977621e+03 2.408382454218110524e+01 2.408420737724009086e+01 2.408370676920458209e+01
1.388163671880026641e+03 2.404307684963180236e+01 2.404342372632146407e+01 2.404297013877504696e+01
1.402931354806075660e+03 2.400615645198615766e+01 2.400647074772444967e+01 2.400605976416102294e+01
1.417699037732124680e+03 2.397270386417710597e+01 2.397298863917228573e+01 2.397261625793066742e+01
1.432466720658173699e+03 2.394239336638469240e+01 2.394265139341717941e+01 2.394231398870613248e+01
1.447234403584222719e+03 2.391492983257268179e+01 2.391516362398743922e+01 2.391485791057675669e+01
1.462002086510271738e+03 2.389004585690281601e+01 2.389025768906992653e+01 2.388998069030077431e+01
1.476769769436320757e+03 2.386749915008266498e+01 2.386769108556086394e+01 2.386744010436234475e+01
1.491537452362369777e+03 2.384707018024539593e+01 2.384724408786416916e+01 2.384701668049297041e+01
1.506305135288418796e+03 2.382856003541894552e+01 2.382871760847513087e+01 2.382851156071996002e+01
1.521072818214467816e+03 2.381178848676540838e+01 2.381193125950994727e+01 2.381174456513315363e+01
1.535840501140516835e+03 2.379659223374346766e+01 2.379672159632013972e+01 2.379655243752370097e+01
1.550608184066565855e+03 2.378282331409258177e+01 2.378294052607373033e+01 2.378278725579900765e+01
1.565375866992614874e+03 2.377034766314693570e+01 2.377045386579789010e+01 2.377031499168856499e+01
1.580143549918663894e+03 2.375904380849146946e+01 2.375914003588155765e+01 2.375901420575428347e+01
1.594911232844712913e+03 2.374880168720852680e+01 2.374888887628083012e+01 2.374877486495773837e+01
1.609678915770761932e+03 2.373952157422047549e+01 2.373960057391394685e+01 2.373949727129422627e+01
1.624446598696810952e+03 2.373111311129696333e+01 2.373118469081254034e+01 2.373109109106354708e+01
1.639214281622859971e+03 2.372349442725089830e+01 2.372355928354119214e+01 2.372347447530466980e+01
1.653981964548908991e+03 2.371659134078993247e+01 2.371665010534525209e+01 2.371657326286327816e+01
1.668749647474958010e+03 2.371033663822248627e+01 2.371038988321907937e+01 2.371032025829538270e+01
1.683517330401007030e+03 2.370466941900644997e+01 2.370471766287806759e+01 2.370465457759127048e+01
1.698285013327056049e+03 2.369953450279245999e+01 2.369957821527810893e+01 2.369952105538180831e+01
1.713052696253105069e+03 2.369488189213626583e+01 2.369492149885371646e+01 2.369486970779598778e+01
1.727820379179154088e+03 2.369066628568418764e+01 2.369070217227493913e+01 2.369065524577854376e+01
1.742588062105203107e+03 2.368684663708717153e+01 2.368687915297027757e+01 2.368683663412298301e+01
1.757355745031252127e+03 2.368338575534266965e+01 2.368341521711715814e+01 2.368337669192345629e+01
1.772123427957301146e+03 2.368024994267955208e+01 2.368027663720795317e+01 2.368024173055721349e+01
1.786891110883350166e+03 2.367740866644481912e+01 2.367743285364508665e+01 2.367740122565965066e+01
1.801658793809399185e+03 2.367483426181149753e+01 2.367485617718892854e+01 2.367482751991451551e+01
1.816426476735448205e+03 2.367250166242251908e+01 2.367252151936150995e+01 2.367249555376946546e+01
1.831194159661497224e+03 2.367038815631588022e+01 2.367040614815874733e+01 2.367038262142824578e+01
1.845961842587546244e+03 2.366847316478703078e+01 2.366848946671626663e+01 2.366846814977282065e+01
1.860729525513595263e+03 2.366673804202440579e+01 2.366675281276809528e+01 2.366673349805375892e+01
1.875497208439644282e+03 2.366516589355597944e+01 2.366517927693251977e+01 2.366516177638521867e+01
1.890264891365693302e+03 2.366374141175072054e+01 2.366375353807097781e+01 2.366373768129216160e+01
1.905032574291742321e+03 2.366245072677264716e+01 2.366246171410779198e+01 2.366244734670368643e+01
1.919800257217791341e+03 2.366128127153069727e+01 2.366129122686157871e+01 2.366127820894030265e+01
1.934567940143840360e+03 2.366022165931906329e+01 2.366023067957900139e+01 2.366021888438774567e+01
1.949335623069889380e+03 2.365926157294779841e+01 2.365926974596430910e+01 2.365925905865651657e+01
1.964103305995938399e+03 2.365839166428912677e+01 2.365839906964168904e+01 2.365838938615695497e+01
1.978870988921987419e+03 2.365760346325390628e+01 2.365761017304600955e+01 2.365760139909900772e+01
1.993638671848036438e+03 2.365688929530614359e+01 2.365689537486963445e+01 2.365688742503050435e+01
