1.476768292682926770e-03 2.365000000000003411e+01 2.365000000000003411e+01 2.365000000000003411e+01
1.476915969512306859e+01 2.469893983323271414e+01 2.366585146492008107e+01 2.365012719761546123e+01
2.953684262195368504e+01 2.507890089478695472e+01 2.382929491086275675e+01 2.369397243332986136e+01
4.430452554878429794e+01 2.532233220917800054e+01 2.400430926234162143e+01 2.380952544887060185e+01
5.907220847561491439e+01 2.550979283620574734e+01 2.416634684242512776e+01 2.394857323801517168e+01
7.383989140239818028e+01 2.566725379303488808e+01 2.431428357625173931e+01 2.408770828893608495e+01
8.860757432915774245e+01 2.580524386442772311e+01 2.444874279757272006e+01 2.421874942834693911e+01
1.033752572559173046e+02 2.592850352268925462e+01 2.457073046457941246e+01 2.433936293582883081e+01
1.181429401826768668e+02 2.603951691793679402e+01 2.468131986654356069e+01 2.444935853989090901e+01
1.329106231094836801e+02 2.613985033849758111e+01 2.478154451601022856e+01 2.454929136756766184e+01
1.476783060363853508e+02 2.623066419008648609e+01 2.487236391946424874e+01 2.463993942909451107e+01
1.624459889632870215e+02 2.631291206607596678e+01 2.495465618037582090e+01 2.472211162416425623e+01
1.772136718901886923e+02 2.638742101415152774e+01 2.502922022132025859e+01 2.479658017641213519e+01
1.919813548170903630e+02 2.645492642173104514e+01 2.509678117086457405e+01 2.486405963379468176e+01
2.067490377439920337e+02 2.651608931958855919e+01 2.515799651972929496e+01 2.492520304533161379e+01
2.215167206708937044e+02 2.657150665255687727e+01 2.521346218079912660e+01 2.498060424435186633e+01
2.362844035977953752e+02 2.662171854131872806e+01 2.526371816215976196e+01 2.503080208995805833e+01
2.510520865246970459e+02 2.666721408937769411e+01 2.530925377618740413e+01 2.507628513139496818e+01
2.658197694514097407e+02 2.670843635247092607e+01 2.535051238539898577e+01 2.511749614479441561e+01
2.805874523780271943e+02 2.674578673079372493e+01 2.538789571238112330e+01 2.515483636115158106e+01
2.953551353046446479e+02 2.677962890694277576e+01 2.542176774863548872e+01 2.518866934156380921e+01
3.101228182312621016e+02 2.681029239819412169e+01 2.545245829767736723e+01 2.521932450524519709e+01
3.248905011578795552e+02 2.683807576915364734e+01 2.548026618586567338e+01 2.524710033249476737e+01
3.396581840844970088e+02 2.686324954042703439e+01 2.550546217188184528e+01 2.527226726924834566e+01
3.544258670111144625e+02 2.688605882320069895e+01 2.552829158296793821e+01 2.529507035968572382e+01
3.691935499377319161e+02 2.690672570606358249e+01 2.554897670360600159e+01 2.531573163192842912e+01
3.839612328643493697e+02 2.692545141752196969e+01 2.556771893984426924e+01 2.533445225978795179e+01
3.987289157909668234e+02 2.694241828534603655e+01 2.558470078033718664e+01 2.535141452151157182e+01
4.134965987175842770e+02 2.695779151185797673e+01 2.560008757318820471e+01 2.536678357456338517e+01
4.282642816442017306e+02 2.697172078246831006e+01 2.561402913589751051e+01 2.538070906371490310e+01
4.430319645708191842e+02 2.698434172314239277e+01 2.562666121411501763e+01 2.539332657811064564e+01
4.577996474974366379e+02 2.699577722094625187e+01 2.563810680335006964e+01 2.540475897145523732e+01
4.725673304240540915e+02 2.700613862057582537e+01 2.564847734655637623e+01 2.541511755821727547e+01
4.873350133506715451e+02 2.701552680849249555e+01 2.565787381922416444e+01 2.542450319746950527e+01
5.021026962772889988e+02 2.702403319522755964e+01 2.566638771255134088e+01 2.543300727492777469e+01
5.168703792040938652e+02 2.703174060542670532e+01 2.567410192427377069e+01 2.544071259275318653e+01
5.316380621312797530e+02 2.703872408429089091e+01 2.568109156581652996e+01 2.544769417577288095e+01
5.464057450584656408e+02 2.704505162827132381e+01 2.568742469363547798e+01 2.545402000197918824e+01
5.611734279856515286e+02 2.705078484714789511e+01 2.569316297187947384e+01 2.545975166442656246e+01
5.759411109128374164e+02 2.705597956389624414e+01 2.569836227278557317e+01 2.546494497093578957e+01
5.907087938400233043e+02 2.706068635822163060e+01 2.570307322069430711e+01 2.546965048748114668e+01
6.054764767672091921e+02 2.706495105905077025e+01 2.570734168497438077e+01 2.547391403054797365e+01
6.202441596943950799e+02 2.706881519075415099e+01 2.571120922664044883e+01 2.547777711323379890e+01
6.350118426215809677e+02 2.707231637745496755e+01 2.571471350301743541e+01 2.548127734944762324e+01
6.497795255487668555e+02 2.707548870936375351e+01 2.571788863439940087e+01 2.548444882014564428e+01
6.645472084759527434e+02 2.707836307471450255e+01 2.572076553627812245e+01 2.548732240517625769e+01
6.793148914031386312e+02 2.708096746051199943e+01 2.572337222035605464e+01 2.548992608394650006e+01
6.940825743303245190e+02 2.708332722503541845e+01 2.572573406728997725e+01 2.549228520785135288e+01
7.088502572575104068e+02 2.708546534474623968e+01 2.572787407381747471e+01 2.549442274711464052e+01
7.236179401846962946e+02 2.708740263800473258e+01 2.572981307667032524e+01 2.549635951444525972e+01
7.383856231118821825e+02 2.708915796776921070e+01 2.573156995545275549e+01 2.549811436768050044e+01
7.531533060390680703e+02 2.709074842526445082e+01 2.573316181647169287e+01 2.549970439340523853e+01
7.679209889662539581e+02 2.709218949639102902e+01 2.573460415929389455e+01 2.550114507331625191e+01
7.826886718934398459e+02 2.709349521251095894e+01 2.573591102766312133e+01 2.550245043496602193e+01
7.974563548206257337e+02 2.709467828706959835e+01 2.573709514624403027e+01 2.550363318834877191e+01
8.122240377478116216e+02 2.709575023938111826e+01 2.573816804451621465e+01 2.550470484965143214e+01
8.269917206749975094e+02 2.709672150678653679e+01 2.573914016903182755e+01 2.550567585338131948e+01
8.417594036021833972e+02 2.709760154628105511e+01 2.574002098513079773e+01 2.550655565396681368e+01
8.565270865293692850e+02 2.709839892659954330e+01 2.574081906910970474e+01 2.550735281781589947e+01
8.712947694565551728e+02 2.709912141164966215e+01 2.574154219172811509e+01 2.550807510672882472e+01
8.860624523837410607e+02 2.709977603608012942e+01 2.574219739384170680e+01 2.550872955344470938e+01
9.008301353109269485e+02 2.710036917382836918e+01 2.574279105501358345e+01 2.550932253017043649e+01
9.155978182381128363e+02 2.710090660011815089e+01 2.574332895556352696e+01 2.550985981056209084e+01
9.303655011652987241e+02 2.710139354775515130e+01 2.574381633291494609e+01 2.551034662600449110e+01
9.451331840924846119e+02 2.710183475801903796e+01 2.574425793253163874e+01 2.551078771649099508e+01
9.599008670196704998e+02 2.710223452687824874e+01 2.574465805417310094e+01 2.551118737682236315e+01
9.746685499468563876e+02 2.710259674678047759e+01 2.574502059372167651e+01 2.551154949839082064e+01
9.894362328740422754e+02 2.710292494457360135e+01 2.574534908113776055e+01 2.551187760708620544e+01
1.004203915801228163e+03 2.710322231584365227e+01 2.574564671482806943e+01 2.551217489762717605e+01
1.018971598728414051e+03 2.710349175602590321e+01 2.574591639278202138e+01 2.551244426466308823e+01
1.033739281654850174e+03 2.598789340068043430e+01 2.571375381925201964e+01 2.551181415956898491e+01
1.048506964580899194e+03 2.563757249298390661e+01 2.554319848314321462e+01 2.545644726299491367e+01
1.063274647506948213e+03 2.540440876296548822e+01 2.536984519835857554e+01 2.533563770357886824e+01
1.078042330432997232e+03 2.522213157455399823e+01 2.520987414639284907e+01 2.519588703603250224e+01
1.092810013359046252e+03 2.506785651656815617e+01 2.506394987248529560e+01 2.505771190670628812e+01
1.107577696285095271e+03 2.493218332374067359e+01 2.493136502911801244e+01 2.492814586206918648e+01
1.122345379211144291e+03 2.481080757389526070e+01 2.481109488802701435e+01 2.480909777620610157e+01
1.137113062137193310e+03 2.470141973047486772e+01 2.470206894776845274e+01 2.470060708099470048e+01
1.151880745063242330e+03 2.460252840533934204e+01 2.460326365262937998e+01 2.460207051837522840e+01
1.166648427989291349e+03 2.451300956481298954e+01 2.451373132533564103e+01 2.451269993945487613e+01
1.181416110915340369e+03 2.443193066622978904e+01 2.443260564184100758e+01 2.443168991120029432e+01
1.196183793841389388e+03 2.435847923502717549e+01 2.435909875378217748e+01 2.435827613414750203e+01
1.210951476767438407e+03 2.429193138687060127e+01 2.429249571829990373e+01 2.429175304834456028e+01
1.225719159693487427e+03 2.423163587051675449e+01 2.423214833100047372e+01 2.423147643207636293e+01
1.240486842619536446e+03 2.417700435899809008e+01 2.417746911476689320e+01 2.417686070857951108e+01
1.255254525545585466e+03 2.412750444815117135e+01 2.412792571312695600e+01 2.412737459747916091e+01
1.270022208471634485e+03 2.408265399146421260e+01 2.408303574972865135e+01 2.408253645333945769e+01
1.284789891397683505e+03 2.404201622360983492e+01 2.404236214776722136e+01 2.404190976934000901e+01
1.299557574323732524e+03 2.400519543900395547e+01 2.400550888041914277e+01 2.400509900022029797e+01
1.314325257249781544e+03 2.397183311290581287e+01 2.397211711712560600e+01 2.397174573856756297e+01
1.329092940175830563e+03 2.394160440072982965e+01 2.394186173063201295e+01 2.394152523554265599e+01
1.343860623101879582e+03 2.391421497139697294e+01 2.391444813163315075e+01 2.391414324282817461e+01
1.358628306027928602e+03 2.388939814008932672e+01 2.388960940054084858e+01 2.388933314908467764e+01
1.373395988953977621e+03 2.386691227108752855e+01 2.386710368861685083e+01 2.386685338459915329e+01
1.388163671880026641e+03 2.384653842481367292e+01 2.384671186315858904e+01 2.384648506938532364e+01
1.402931354806075660e+03 2.382807822599306746e+01 2.382823537386218504e+01 2.382802988208038641e+01
1.417699037732124680e+03 2.381135193208837109e+01 2.381149431958590412e+01 2.381130812896509497e+01
1.432466720658173699e+03 2.379619668318991899e+01 2.379632569670599196e+01 2.379615699435055376e+01
1.447234403584222719e+03 2.378246491628306103e+01 2.378258181199021237e+01 2.378242895528495637e+01
1.462002086510271738e+03 2.377002292844872500e+01 2.377012884453210972e+01 2.376999034514761888e+01
1.476769769436320757e+03 2.375874957503987162e+01 2.375884554277911320e+01 2.375872005217985361e+01
1.491537452362369777e+03 2.374853509012410768e+01 2.374862204393360798e+01 2.374850834024783808e+01
1.506305135288418796e+03 2.373928001771105301e+01 2.373935880423931621e+01 2.373925578036141815e+01
1.521072818214467816e+03 2.373089424338479603e+01 2.373096562975717916e+01 2.373087228256861181e+01
1.535840501140516835e+03 2.372329611687223405e+01 2.372336079816028587e+01 2.372327621876229387e+01
1.550608184066565855e+03 2.371641165704357945e+01 2.371647026303423900e+01 2.371639362789687766e+01
1.565375866992614874e+03 2.371017383157135328e+01 2.371022693289677363e+01 2.371015749584216792e+01
1.580143549918663894e+03 2.370452190424117589e+01 2.370457001793619156e+01 2.370450710287258289e+01
1.594911232844712913e+03 2.369940084359683397e+01 2.369944443813307089e+01 2.369938743247138291e+01
1.609678915770761932e+03 2.369476078710317779e+01 2.369480028694999874e+01 2.369474863564005318e+01
1.624446598696810952e+03 2.369055655564369545e+01 2.369059234540128500e+01 2.369054554552690206e+01
1.639214281622859971e+03 2.368674721362293667e+01 2.368677964176805517e+01 2.368673723764970873e+01
1.653981964548908991e+03 2.368329567039268113e+01 2.368332505267062515e+01 2.368328663142955293e+01
1.668749647474958010e+03 2.368016831910887277e+01 2.368019494160722616e+01 2.368016012914512203e+01
1.683517330401007030e+03 2.367733470950383889e+01 2.367735883143961928e+01 2.367732728879622073e+01
1.698285013327056049e+03 2.367476725139920291e+01 2.367478910764202737e+01 2.367476052769382022e+01
1.713052696253105069e+03 2.367244094607451643e+01 2.367246074943363965e+01 2.367243485390434898e+01
1.727820379179154088e+03 2.367033314285237111e+01 2.367035108614777528e+01 2.367032762289937864e+01
1.742588062105203107e+03 2.366842331855445991e+01 2.366843957649615504e+01 2.366841831707233723e+01
1.757355745031252127e+03 2.366669287768206686e+01 2.366670760856965217e+01 2.366668834597231807e+01
1.772123427957301146e+03 2.366512497134948489e+01 2.366513831861368544e+01 2.366512086528808823e+01
1.786891110883350166e+03 2.366370433323100997e+01 2.366371642683077425e+01 2.366370061283834048e+01
1.801658793809399185e+03 2.366241713091477550e+01 2.366242808860238256e+01 2.366241375996617080e+01
1.816426476735448205e+03 2.366125083121966099e+01 2.366126075968799114e+01 2.366124777689299208e+01
1.831194159661497224e+03 2.366019407816492048e+01 2.366020307408552981e+01 2.366019131072124537e+01
1.845961842587546244e+03 2.365923658239955785e+01 2.365924473336281153e+01 2.365923407489253805e+01
1.860729525513595263e+03 2.365836902101921169e+01 2.365837640638983430e+01 2.365836674903403036e+01
1.875497208439644282e+03 2.365758294679108076e+01 2.365758963847804353e+01 2.365758088820581406e+01
1.890264891365693302e+03 2.365687070588626284e+01 2.365687676904536829e+01 2.365686884065718232e+01
1.905032574291742321e+03 2.365622536340219995e+01 2.365623085706897655e+01 2.365622367336789011e+01
1.919800257217791341e+03 2.365564063577909337e+01 2.365564561344388039e+01 2.365563910448395291e+01
1.934567940143840360e+03 2.365511082967856282e+01 2.365511533980787817e+01 2.365510944221290401e+01
1.949335623069889380e+03 2.365463078649293038e+01 2.365463487300053202e+01 2.365462952934745999e+01
1.964103305995938399e+03 2.365419583216680621e+01 2.365419953484285998e+01 2.365419469310069189e+01
1.978870988921987419e+03 2.365380173164624011e+01 2.365380508654169489e+01 2.365380069956893294e+01
1.993638671848036438e+03 2.365344464767576937e+01 2.365344768745728743e+01 2.365344371253797817e+01
