1.345499999999999908e-03 2.365000000000003411e+01 2.365000000000003411e+01 2.365000000000003411e+01
1.345634549999828344e+01 2.586203704490014843e+01 2.367030666272989947e+01 2.365005852385178287e+01
2.691134549999161862e+01 2.673820393188839262e+01 2.401856211654461504e+01 2.373436822745873087e+01
4.036634549998495203e+01 2.729066978615225025e+01 2.440860213431972170e+01 2.398425128781667581e+01
5.382134549997828543e+01 2.771645937986443187e+01 2.477362503650437020e+01 2.429445401120301540e+01
6.727634549997162594e+01 2.807580032609178033e+01 2.510997642514456629e+01 2.460965850563258073e+01
8.073134549996495934e+01 2.839288074989116240e+01 2.541843431928992914e+01 2.490986094299870501e+01
9.418634549995829275e+01 2.867837035597176509e+01 2.570076768330261530e+01 2.518887268887169739e+01
1.076413454999516262e+02 2.893766809966285791e+01 2.595898259789873919e+01 2.544566261332687418e+01
1.210963454999449596e+02 2.917404868868652557e+01 2.619506074875295099e+01 2.568105272847606102e+01
1.345513455000074998e+02 2.938987218725941375e+01 2.641086994393998566e+01 2.589646738164304907e+01
1.480063455001429418e+02 2.958705432306885541e+01 2.660813898451317527e+01 2.609346517302435586e+01
1.614613455002783837e+02 2.976725406687057784e+01 2.678845629505912029e+01 2.627356863767221284e+01
1.749163455004138257e+02 2.993195267648974323e+01 2.695327690982423974e+01 2.643820678784044276e+01
1.883713455005492676e+02 3.008249070124776381e+01 2.710393200025669103e+01 2.658870005488040533e+01
2.018263455006847096e+02 3.022008836338284254e+01 2.724163878196179667e+01 2.672626081280776589e+01
2.152813455008201515e+02 3.034585906082457996e+01 2.736751002719631742e+01 2.685199930600140306e+01
2.287363455009555935e+02 3.046081975407190612e+01 2.748256293408309148e+01 2.696693114570206262e+01
2.421913455010910354e+02 3.056589971457202637e+01 2.758772730001822993e+01 2.707198495483788747e+01
2.556463455012264774e+02 3.066194823676806891e+01 2.768385301794347697e+01 2.716800965810017487e+01
2.691013455013618909e+02 3.074974157883303860e+01 2.777171693800170260e+01 2.725578126075100727e+01
2.825563455014973329e+02 3.082998926548742702e+01 2.785202914313316569e+01 2.733600908877895108e+01
2.960113455016327748e+02 3.090333983332590151e+01 2.792543868670713891e+01 2.740934150950056392e+01
3.094663455017682168e+02 3.097038607632566709e+01 2.799253883755130801e+01 2.747637116688304104e+01
3.229213455019036587e+02 3.103166983822495695e+01 2.805387187439271202e+01 2.753763976934732227e+01
3.363763455020391007e+02 3.108768639211552909e+01 2.810993346828774975e+01 2.759364246698487477e+01
3.498313455021745426e+02 3.113888844330836037e+01 2.816117668844572108e+01 2.764483185293926226e+01
3.632863455023099846e+02 3.118568978801016556e+01 2.820801566374854019e+01 2.769162162099081570e+01
3.767413455024454265e+02 3.122846865751932910e+01 2.825082892959676428e+01 2.773438990885244948e+01
3.901963455025808685e+02 3.126757077494954729e+01 2.828996248707727545e+01 2.777348235411034238e+01
4.036513455027163104e+02 3.130331214926366101e+01 2.832573259923844944e+01 2.780921488755717519e+01
4.171063455028517524e+02 3.133598162911937379e+01 2.835842834698485149e+01 2.784187628639944023e+01
4.305613455029871943e+02 3.136584323725611512e+01 2.838831396534391160e+01 2.787173050806910624e+01
4.440163455031226363e+02 3.139313830422912588e+01 2.841563097891190637e+01 2.789901882342616091e+01
4.574713455032580782e+02 3.141808741874478983e+01 2.844060015376010142e+01 2.792396176661276286e+01
4.709263455033935202e+02 3.144089221038274218e+01 2.846342328158766577e+01 2.794676091733413159e+01
4.843813455035289621e+02 3.146173697909409839e+01 2.848428481053269934e+01 2.796760052995358592e+01
4.978363455036644041e+02 3.148079018464687806e+01 2.850335333581284658e+01 2.798664902256950882e+01
5.112913455037998460e+02 3.149820580805487680e+01 2.852078296225084841e+01 2.800406033810764939e+01
5.247463455033968103e+02 3.151412459598884652e+01 2.853671454968406351e+01 2.801997518842370027e+01
5.382013455029638180e+02 3.152867519824417286e+01 2.855127685134954163e+01 2.803452219149113489e+01
5.516563455025308258e+02 3.154197520744475014e+01 2.856458755442071151e+01 2.804781891084610379e+01
5.651113455020978336e+02 3.155413210938456814e+01 2.857675423111606960e+01 2.805997280569550867e+01
5.785663455016648413e+02 3.156524415167581310e+01 2.858787520804344240e+01 2.807108209934943943e+01
5.920213455012318491e+02 3.157540113776968838e+01 2.859804036086080714e+01 2.808123657304548715e+01
6.054763455007988568e+02 3.158468515269640875e+01 2.860733184059853329e+01 2.809051829150956792e+01
6.189313455003658646e+02 3.159317122645677500e+01 2.861582473758539891e+01 2.809900226618304941e+01
6.323863454999328724e+02 3.160092794038246211e+01 2.862358768829585642e+01 2.810675706143410935e+01
6.458413454994998801e+02 3.160801798138146523e+01 2.863068343004152894e+01 2.811384534866454032e+01
6.592963454990668879e+02 3.161449864856450631e+01 2.863716930800399041e+01 2.812032441281144202e+01
6.727513454986338957e+02 3.162042231630675815e+01 2.864309773867097419e+01 2.812624661529531522e+01
6.862063454982009034e+02 3.162583685751087614e+01 2.864851663343608834e+01 2.813165981717662589e+01
6.996613454977679112e+02 3.163078603051087612e+01 2.865346978581794701e+01 2.813660776596600499e+01
7.131163454973349189e+02 3.163530983270692332e+01 2.865799722537667549e+01 2.814113044916962281e+01
7.265713454969019267e+02 3.163944482380924228e+01 2.866213554121787865e+01 2.814526441745437069e+01
7.400263454964689345e+02 3.164322442129713409e+01 2.866591817769079853e+01 2.814904308003389133e+01
7.534813454960359422e+02 3.164667917048780055e+01 2.866937570467206342e+01 2.815249697466907719e+01
7.669363454956029500e+02 3.164983699139452256e+01 2.867253606462429616e+01 2.815565401446792748e+01
7.803913454951699578e+02 3.165272340436661125e+01 2.867542479841620207e+01 2.815853971346649587e+01
7.938463454947369655e+02 3.165536173633432782e+01 2.867806525173460841e+01 2.816117739282543653e+01
8.073013454943039733e+02 3.165777330932661471e+01 2.868047876375158012e+01 2.816358836929907739e+01
8.207563454938709810e+02 3.165997761279339784e+01 2.868268483958848947e+01 2.816579212751679506e+01
8.342113454934379888e+02 3.166199246110971899e+01 2.868470130794338502e+01 2.816780647744701582e+01
8.476663454930049966e+02 3.166383413753476361e+01 2.868654446516819689e+01 2.816964769832128468e+01
8.611213454925720043e+02 3.166551752582205381e+01 2.868822920698340795e+01 2.817133067021109127e+01
8.745763454921390121e+02 3.166705623049637097e+01 2.868976914885314500e+01 2.817286899427693925e+01
8.880313454917060199e+02 3.166846268680393450e+01 2.869117673602181640e+01 2.817427510268811375e+01
9.014863454912730276e+02 3.166974826120849684e+01 2.869246334409234578e+01 2.817556035909717593e+01
9.149413454908400354e+02 3.167092334325184311e+01 2.869363937096011341e+01 2.817673515047624733e+01
9.283963454904070431e+02 3.167199742951339658e+01 2.869471432084077378e+01 2.817780897105546956e+01
9.418513454899740509e+02 3.167297920035986181e+01 2.869569688107975480e+01 2.817879049905440070e+01
9.553063454895410587e+02 3.167387659011330925e+01 2.869659499237940281e+01 2.817968766683259219e+01
9.687613454891080664e+02 3.167469685114036793e+01 2.869741591293717420e+01 2.818050772496263789e+01
9.822163454886750742e+02 3.167544661248797411e+01 2.869816627713026946e+01 2.818125730085171199e+01
9.956713454882420820e+02 3.167613193346062417e+01 2.869885214913546179e+01 2.818194245230569095e+01
1.009126345487809090e+03 3.167675835256352457e+01 2.869947907191021841e+01 2.818256871645957062e+01
1.022581345487376097e+03 3.167733093228531516e+01 2.870005211201475959e+01 2.818314115455024194e+01
1.036036345487960034e+03 2.903201894095678881e+01 2.855771121992728467e+01 2.817306094244139558e+01
1.049491345488663910e+03 2.833885453827684842e+01 2.816852033371384323e+01 2.800956554324966419e+01
1.062946345489367786e+03 2.785086604995041171e+01 2.778807655793900722e+01 2.772465005938062177e+01
1.076401345490071662e+03 2.745747716552347129e+01 2.743530938260443008e+01 2.740879286782785584e+01
1.089856345490775539e+03 2.711790318183847148e+01 2.711106948645306147e+01 2.709883667626536408e+01
1.103311345491479415e+03 2.681514201990160018e+01 2.681401716566932691e+01 2.680741442317446399e+01
1.116766345492183291e+03 2.654131141959129536e+01 2.654223654596330562e+01 2.653794758004744381e+01
1.130221345492887167e+03 2.629212540148500921e+01 2.629371599156388584e+01 2.629046167483500085e+01
1.143676345493591043e+03 2.606477951618671796e+01 2.606651752753134588e+01 2.606379692867068343e+01
1.157131345494294919e+03 2.585713490070889975e+01 2.585883189866586918e+01 2.585644200959779937e+01
1.170586345494998795e+03 2.566739844328310483e+01 2.566899091758847362e+01 2.566684338381401176e+01
1.184041345495702672e+03 2.549399290167502841e+01 2.549546426909898855e+01 2.549351540352506618e+01
1.197496345496406548e+03 2.533550014735072864e+01 2.533685106575524060e+01 2.533507507569919426e+01
1.210951345497110424e+03 2.519063291988379660e+01 2.519187002263151953e+01 2.519024872498715695e+01
1.224406345497814300e+03 2.505821802217911909e+01 2.505934967308866135e+01 2.505786850430871482e+01
1.237861345498518176e+03 2.493718439758981731e+01 2.493821911905592970e+01 2.493686555173269426e+01
1.251316345499222052e+03 2.482655354284975147e+01 2.482749945942964587e+01 2.482626234203712556e+01
1.264771345499925928e+03 2.472543124501930834e+01 2.472629591061303245e+01 2.472516516417971388e+01
1.278226345500629805e+03 2.463300021933395101e+01 2.463379058727764459e+01 2.463275704261741339e+01
1.291681345501333681e+03 2.454851345255030992e+01 2.454923589712177545e+01 2.454829118971690605e+01
1.305136345502037557e+03 2.447128814615541614e+01 2.447194850085702456e+01 2.447108499143354265e+01
1.318591345502741433e+03 2.440070019072311425e+01 2.440130379038100727e+01 2.440051449865779887e+01
1.332046345503445309e+03 2.433617911923192878e+01 2.433673084118566976e+01 2.433600938774321776e+01
1.345501345504149185e+03 2.427720349566027380e+01 2.427770779844473736e+01 2.427704835251159921e+01
1.358956345504853061e+03 2.422329670051402672e+01 2.422375765961294292e+01 2.422315489169403691e+01
1.372411345505556937e+03 2.417402307881417300e+01 2.417444441948902067e+01 2.417389345819913160e+01
1.385866345506260814e+03 2.412898441921771564e+01 2.412936954657362776e+01 2.412886593923235523e+01
1.399321345506964690e+03 2.408781673581074756e+01 2.408816876229963100e+01 2.408770843893182700e+01
1.412776345507668566e+03 2.405018732649006097e+01 2.405050909705852291e+01 2.405008833749798214e+01
1.426231345508372442e+03 2.401579208418252165e+01 2.401608619926133770e+01 2.401570160308278901e+01
1.439686345509076318e+03 2.398435303917563033e+01 2.398462187569447224e+01 2.398427033473279835e+01
1.453141345509780194e+03 2.395561611265219426e+01 2.395586184324901069e+01 2.395554051647894767e+01
1.466596345510484070e+03 2.392934906331811362e+01 2.392957367389726642e+01 2.392927996447377836e+01
1.480051345511187947e+03 2.390533961053216672e+01 2.390554491631377232e+01 2.390527645058534745e+01
1.493506345511891823e+03 2.388339371871398953e+01 2.388358137890401167e+01 2.388333598722914530e+01
1.506961345512595699e+03 2.386333402922491587e+01 2.386350556042441440e+01 2.386328125963729008e+01
1.520416345513299575e+03 2.384499842701688976e+01 2.384515521547734807e+01 2.384495019286208617e+01
1.533871345514003451e+03 2.382823873048624819e+01 2.382838204331466159e+01 2.382819464195370074e+01
1.547326345514707327e+03 2.381291949392493734e+01 2.381305048932341606e+01 2.381287919470707948e+01
1.560781345515411203e+03 2.379891691288514721e+01 2.379903664951012843e+01 2.379888007729869059e+01
1.574236345516115080e+03 2.378611782365265981e+01 2.378622726917154750e+01 2.378608415400583453e+01
1.587691345516818956e+03 2.377441878868484082e+01 2.377451882759623913e+01 2.377438801287195247e+01
1.601146345517522832e+03 2.376372526068053048e+01 2.376381670146207625e+01 2.376369712998285877e+01
1.614601345518226708e+03 2.375395081846733092e+01 2.375403440010973100e+01 2.375392510554269165e+01
1.628056345518930584e+03 2.374501646859692983e+01 2.374509286657644225e+01 2.374499296564317774e+01
1.641511345519634460e+03 2.373685000692807989e+01 2.373691983866490318e+01 2.373682852400264665e+01
1.654966345520338336e+03 2.372938543512424303e+01 2.372944926497319784e+01 2.372936579861016071e+01
1.668421345521042213e+03 2.372256242725791253e+01 2.372262077106836387e+01 2.372254447846012226e+01
1.681876345521746089e+03 2.371632584228007090e+01 2.371637917156539288e+01 2.371630943614292164e+01
1.695331345522449965e+03 2.371062527840365419e+01 2.371067402415098968e+01 2.371061028233879142e+01
1.708786345523153841e+03 2.370541466576702305e+01 2.370545922192206945e+01 2.370540095858177665e+01
1.722241345523857717e+03 2.370065189411030815e+01 2.370069262075935512e+01 2.370063936502822344e+01
1.735696345524561593e+03 2.369629847246216059e+01 2.369633569874315526e+01 2.369628702022788502e+01
1.749151345525265469e+03 2.369231921806334640e+01 2.369235324482554006e+01 2.369230875012408433e+01
1.762606345525969346e+03 2.368868197204596981e+01 2.368871307428076989e+01 2.368867240380347994e+01
1.776061345526673222e+03 2.368535733952182909e+01 2.368538576858634315e+01 2.368534859364933709e+01
1.789516345527377098e+03 2.368231845203325747e+01 2.368234443768039910e+01 2.368231045784978051e+01
1.802971345528080974e+03 2.367954075040660200e+01 2.367956450264313162e+01 2.367953344330612708e+01
1.816426345528784850e+03 2.367700178627848118e+01 2.367702349706144105e+01 2.367699510720757416e+01
1.829881345529488726e+03 2.367468104067228296e+01 2.367470088546002671e+01 2.367467493565311543e+01
1.843336345530192602e+03 2.367255975816971159e+01 2.367257789734065909e+01 2.367255417786390126e+01
1.856791345530896479e+03 2.367062079534719032e+01 2.367063737549540292e+01 2.367061569465658977e+01
1.870246345531600355e+03 2.366884848221957327e+01 2.366886363733920007e+01 2.366884381992230146e+01
1.883701345532304231e+03 2.366722849560227360e+01 2.366724234817183969e+01 2.366722423401938613e+01
1.897156345533008107e+03 2.366574774336123710e+01 2.366576040533186642e+01 2.366574384805227282e+01
1.910611345533711983e+03 2.366439425859965695e+01 2.366440583230115635e+01 2.366439069808421891e+01
1.924066345534415859e+03 2.366315710295185681e+01 2.366316768191808251e+01 2.366315384845506742e+01
1.937521345535119735e+03 2.366202627817870052e+01 2.366203594790488296e+01 2.366202330339899618e+01
1.950976345535823611e+03 2.366099264536615010e+01 2.366100148400022363e+01 2.366098992626245945e+01
1.964431345536527488e+03 2.366004785107747921e+01 2.366005593004979346e+01 2.366004536567493233e+01
1.977886345537231364e+03 2.365918425983716133e+01 2.365919164443886302e+01 2.365918198804962458e+01
1.991341345537935240e+03 2.365839489240295279e+01 2.365840164231389053e+01 2.365839281587068399e+01
