6.727499999999999539e-04 2.365000000000003411e+01 2.365000000000003411e+01 2.365000000000003411e+01
6.728172749999141722e+00 2.365000000000003411e+01 2.365000000000003411e+01 2.365000000000003411e+01
1.345567274999580931e+01 2.511231142800545513e+01 2.370266030286109071e+01 2.365200912960591495e+01
2.018317274999247601e+01 2.556904240790800031e+01 2.393557019021841370e+01 2.373422378165173541e+01
2.691067274998914272e+01 2.589468923764610508e+01 2.418109861270113470e+01 2.390934387611184775e+01
3.363817274998581297e+01 2.616511345843525760e+01 2.441986584760496726e+01 2.411963340469884542e+01
4.036567274998247967e+01 2.640742125246254091e+01 2.464959953019018712e+01 2.433792078952973270e+01
4.709317274997914637e+01 2.663260510427329564e+01 2.486981630420370948e+01 2.455350096783240588e+01
5.382067274997581308e+01 2.684530922671007147e+01 2.508058720869519220e+01 2.476235658685681074e+01
6.054817274997247978e+01 2.704763530493647750e+01 2.528218885838413144e+01 2.496313200749744965e+01
6.727567275000374991e+01 2.724065935663452365e+01 2.547496889526479436e+01 2.515552322557647358e+01
7.400317275007147089e+01 2.742503758696005889e+01 2.565929288452377932e+01 2.533963558216203182e+01
8.073067275013919186e+01 2.760124867119725423e+01 2.583552357959911205e+01 2.551572784820695006e+01
8.745817275020691284e+01 2.776969089957759707e+01 2.600401308381714216e+01 2.568411051344639873e+01
9.418567275027463381e+01 2.793072137113261988e+01 2.616510014035964105e+01 2.584510560681502511e+01
1.009131727503423548e+02 2.808467203802229051e+01 2.631910945080664987e+01 2.599903105880650855e+01
1.076406727504100758e+02 2.823185649214218529e+01 2.646635178580345382e+01 2.614619484216080991e+01
1.143681727504777967e+02 2.837257303971171041e+01 2.660712439507426552e+01 2.628689299878556085e+01
1.210956727505455177e+02 2.850710627811457698e+01 2.674171152086864822e+01 2.642140920179627983e+01
1.278231727506132387e+02 2.863572805959296375e+01 2.687038493730682376e+01 2.655001491493158028e+01
1.345506727506809455e+02 2.875869819547682482e+01 2.699340448537247994e+01 2.667296977573113281e+01
1.412781727507486664e+02 2.887626504281263351e+01 2.711101859211322562e+01 2.679052205397999842e+01
1.480056727508163874e+02 2.898866603065340541e+01 2.722346477013098820e+01 2.690290912679159874e+01
1.547331727508841084e+02 2.909612814940197723e+01 2.733097009634195729e+01 2.701035794748003127e+01
1.614606727509518294e+02 2.919886841312683146e+01 2.743375167017444483e+01 2.711308549967156978e+01
1.681881727510195503e+02 2.929709429939526899e+01 2.753201705186319259e+01 2.721129923383131199e+01
1.749156727510872713e+02 2.939100416888578593e+01 2.762596468154293916e+01 2.730519748552609371e+01
1.816431727511549923e+02 2.948078766621688374e+01 2.771578427996644223e+01 2.739496987568469422e+01
1.883706727512227133e+02 2.956662610300554661e+01 2.780165723160547486e+01 2.748079769340279199e+01
1.950981727512904342e+02 2.964869282406976936e+01 2.788375695095936635e+01 2.756285426201804967e+01
2.018256727513581552e+02 2.972715355749738819e+01 2.796224923274627372e+01 2.764130528910095563e+01
2.085531727514258762e+02 2.980216674932989918e+01 2.803729258671438629e+01 2.771630920108646023e+01
2.152806727514935972e+02 2.987388388353826940e+01 2.810903855774398608e+01 2.778801746320306165e+01
2.220081727515613181e+02 2.994244978792323764e+01 2.817763203186882492e+01 2.785657488533382775e+01
2.287356727516290391e+02 3.000800292659886281e+01 2.824321152887796416e+01 2.792211991446328057e+01
2.354631727516967601e+02 3.007067567960410770e+01 2.830590948203939661e+01 2.798478491425339598e+01
2.421906727517644811e+02 3.013059461023897256e+01 2.836585250554315962e+01 2.804469643234733667e+01
2.489181727518322020e+02 3.018788072065416372e+01 2.842316165019366281e+01 2.810197545592643564e+01
2.556456727518999230e+02 3.024264969619684962e+01 2.847795264785412428e+01 2.815673765602633694e+01
2.623731727516984051e+02 3.029501213903546386e+01 2.853033614516499483e+01 2.820909362113343377e+01
2.691006727514819090e+02 3.034507379150772977e+01 2.858041792698230665e+01 2.825914908050367558e+01
2.758281727512654129e+02 3.039293574966575306e+01 2.862829913000780380e+01 2.830700511768270644e+01
2.825556727510489168e+02 3.043869466743325347e+01 2.867407644702899461e+01 2.835275837463734661e+01
2.892831727508324207e+02 3.048244295178648144e+01 2.871784232217805766e+01 2.839650124691229394e+01
2.960106727506159245e+02 3.052426894936729695e+01 2.875968513762029488e+01 2.843832207021984004e+01
3.027381727503994284e+02 3.056425712489408397e+01 2.879968939203661193e+01 2.847830529882935480e+01
3.094656727501829323e+02 3.060248823172520360e+01 2.883793587125563818e+01 2.851653167610948003e+01
3.161931727499664362e+02 3.063903947495288094e+01 2.887450181141281291e+01 2.855307839760087063e+01
3.229206727497499401e+02 3.067398466728201356e+01 2.890946105489308593e+01 2.858801926687783634e+01
3.296481727495334439e+02 3.070739437812136430e+01 2.894288419947997681e+01 2.862142484461861613e+01
3.363756727493169478e+02 3.073933607607415297e+01 2.897483874090534073e+01 2.865336259108005379e+01
3.431031727491004517e+02 3.076987426519372093e+01 2.900538920915886365e+01 2.868389700233535677e+01
3.498306727488839556e+02 3.079907061524966139e+01 2.903459729880745499e+01 2.871308974052539043e+01
3.565581727486674595e+02 3.082698408625543607e+01 2.906252199357140853e+01 2.874099975836969634e+01
3.632856727484509634e+02 3.085367104753811418e+01 2.908921968544387937e+01 2.876768341822173625e+01
3.700131727482344672e+02 3.087918539157470832e+01 2.911474428857115981e+01 2.879319460589152868e+01
3.767406727480179711e+02 3.090357864282833589e+01 2.913914734813403129e+01 2.881758483946822480e+01
3.834681727478014750e+02 3.092690006178162321e+01 2.916247814442237996e+01 2.884090337334049536e+01
3.901956727475849789e+02 3.094919674443002577e+01 2.918478379236836417e+01 2.886319729767734543e+01
3.969231727473684828e+02 3.097051371738689340e+01 2.920610933669041742e+01 2.888451163352209505e+01
4.036506727471519866e+02 3.099089402881514843e+01 2.922649784286056729e+01 2.890488942371217718e+01
4.103781727469354905e+02 3.101037883534166895e+01 2.924599048405445956e+01 2.892437181978328908e+01
4.171056727467189944e+02 3.102900748518987939e+01 2.926462662431703166e+01 2.894299816509033008e+01
4.238331727465024983e+02 3.104681759763246873e+01 2.928244389804734737e+01 2.896080607425301423e+01
4.305606727462860022e+02 3.106384513896483668e+01 2.929947828600262483e+01 2.897783150911652683e+01
4.372881727460695060e+02 3.108012449513432784e+01 2.931576418795640393e+01 2.899410885137490368e+01
4.440156727458530099e+02 3.109568854117230785e+01 2.933133449215870314e+01 2.900967097199259115e+01
4.507431727456365138e+02 3.111056870759375670e+01 2.934622064176278400e+01 2.902454929759625202e+01
4.574706727454200177e+02 3.112479504387101770e+01 2.936045269832322901e+01 2.903877387394055631e+01
4.641981727452035216e+02 3.113839627910658692e+01 2.937405940249453806e+01 2.905237342657426325e+01
4.709256727449870255e+02 3.115139988005927307e+01 2.938706823207917296e+01 2.906537541885757037e+01
4.776531727447705293e+02 3.116383210660666236e+01 2.939950545751452182e+01 2.907780610742048566e+01
4.843806727445540332e+02 3.117571806477002383e+01 2.941139619491588064e+01 2.908969059517795586e+01
4.911081727443375371e+02 3.118708175741954847e+01 2.942276445680499819e+01 2.910105288203084228e+01
4.978356727441210410e+02 3.119794613274910944e+01 2.943363320060331034e+01 2.911191591333391671e+01
5.045631727439045449e+02 3.120833313061530134e+01 2.944402437498871450e+01 2.912230162622967100e+01
5.112906727436880487e+02 3.121826372684358830e+01 2.945395896422127180e+01 2.913223099394895144e+01
5.180181727439800170e+02 3.122775797558864497e+01 2.946345703051929377e+01 2.914172406816516059e+01
5.247456727443319551e+02 3.123683504983142711e+01 2.947253775457301117e+01 2.915080001948757626e+01
5.314731727446838931e+02 3.124551328009385998e+01 2.948121947427455325e+01 2.915947717617058288e+01
5.382006727450358312e+02 3.125381019147209827e+01 2.948951972176712388e+01 2.916777306114204293e+01
5.449281727453877693e+02 3.126174253899893074e+01 2.949745525882013908e+01 2.917570442736206360e+01
5.516556727457397074e+02 3.126932634150529111e+01 2.950504211070597194e+01 2.918328729168001701e+01
5.583831727460916454e+02 3.127657691395552320e+01 2.951229559854721174e+01 2.919053696716565582e+01
5.651106727464435835e+02 3.128350889837918203e+01 2.951923037025994745e+01 2.919746809403687848e+01
5.718381727467955216e+02 3.129013629344200353e+01 2.952586043013940298e+01 2.920409466922814090e+01
5.785656727471474596e+02 3.129647248271129456e+01 2.953219916713396742e+01 2.921043007465061692e+01
5.852931727474993977e+02 3.130253026168361430e+01 2.953825938188521150e+01 2.921648710421811757e+01
5.920206727478513358e+02 3.130832186362573566e+01 2.954405331257902390e+01 2.922227798968401657e+01
5.987481727482032738e+02 3.131385898427788561e+01 2.954959265965811710e+01 2.922781442534181906e+01
6.054756727485552119e+02 3.131915280547337943e+01 2.955488860945177976e+01 2.923310759164132833e+01
6.122031727489071500e+02 3.132421401771915725e+01 2.955995185676601977e+01 2.923816817776696553e+01
6.189306727492590881e+02 3.132905284178514194e+01 2.956479262648019812e+01 2.924300640322445588e+01
6.256581727496110261e+02 3.133367904934237913e+01 2.956942069419432073e+01 2.924763203847572868e+01
6.323856727499629642e+02 3.133810198269685543e+01 2.957384540597075784e+01 2.925205442467125749e+01
6.391131727503149023e+02 3.134233057365906916e+01 2.957807569721188656e+01 2.925628249251673196e+01
6.458406727506668403e+02 3.134637336157754817e+01 2.958212011069934988e+01 2.926032478030379025e+01
6.525681727510187784e+02 3.135023851058446098e+01 2.958598681384842166e+01 2.926418945115494807e+01
6.592956727513707165e+02 3.135393382607696822e+01 2.958968361519424661e+01 2.926788430950193742e+01
6.660231727517226545e+02 3.135746677049058917e+01 2.959321798017339233e+01 2.927141681685696994e+01
6.727506727520745926e+02 3.136084447836782374e+01 2.959659704619713239e+01 2.927479410687942618e+01
6.794781727524265307e+02 3.136407377074868918e+01 2.959982763704766739e+01 2.927802299976633549e+01
6.862056727527784687e+02 3.136716116897446227e+01 2.960291627668880210e+01 2.928111001605145702e+01
6.929331727531304068e+02 3.137011290782299966e+01 2.960586920240535846e+01 2.928406138974196438e+01
6.996606727534823449e+02 3.137293494813826555e+01 2.960869237743764870e+01 2.928688308094410786e+01
7.063881727538342830e+02 3.137563298882469098e+01 2.961139150298231471e+01 2.928958078785723274e+01
7.131156727541862210e+02 3.137821247840025762e+01 2.961397202974791298e+01 2.929215995832544195e+01
7.198431727545381591e+02 3.138067862595630686e+01 2.961643916891961226e+01 2.929462580079558620e+01
7.265706727548900972e+02 3.138303641171876279e+01 2.961879790272712398e+01 2.929698329487752062e+01
7.332981727552420352e+02 3.138529059705888358e+01 2.962105299445494211e+01 2.929923720135366239e+01
7.400256727555939733e+02 3.138744573416170169e+01 2.962320899811913932e+01 2.930139207184555517e+01
7.467531727559459114e+02 3.138950617517593855e+01 2.962527026761870275e+01 2.930345225796355635e+01
7.534806727562978494e+02 3.139147608100631714e+01 2.962724096553051822e+01 2.930542192009801283e+01
7.602081727566497875e+02 3.139335942976248361e+01 2.962912507156443098e+01 2.930730503586568148e+01
7.669356727570017256e+02 3.139516002472817036e+01 2.963092639053343191e+01 2.930910540808099540e+01
7.736631727573536637e+02 3.139688150206745831e+01 2.963264856006338732e+01 2.931082667245703988e+01
7.803906727577056017e+02 3.139852733820475805e+01 2.963429505797671482e+01 2.931247230498883027e+01
7.871181727580575398e+02 3.140010085679398344e+01 2.963586920926388757e+01 2.931404562891873411e+01
7.938456727584094779e+02 3.140160523542874671e+01 2.963737419279573260e+01 2.931554982144763244e+01
8.005731727587614159e+02 3.140304351210164668e+01 2.963881304778664116e+01 2.931698792019210487e+01
8.073006727591133540e+02 3.140441859132744185e+01 2.964018867992001560e+01 2.931836282930748894e+01
8.140281727594652921e+02 3.140573324998189264e+01 2.964150386718682739e+01 2.931967732532604032e+01
8.207556727598172301e+02 3.140699014291533331e+01 2.964276126550572599e+01 2.932093406276999303e+01
8.274831727601691682e+02 3.140819180833386781e+01 2.964396341410332525e+01 2.932213557953127747e+01
8.342106727605211063e+02 3.140934067293238741e+01 2.964511274065000634e+01 2.932328430200431058e+01
8.409381727608730444e+02 3.141043905676247050e+01 2.964621156613043240e+01 2.932438254995389570e+01
8.476656727612249824e+02 3.141148917792895645e+01 2.964726210954137287e+01 2.932543254121026166e+01
8.543931727615769205e+02 3.141249315707625556e+01 2.964826649237983247e+01 2.932643639615582742e+01
8.611206727619288586e+02 3.141345302167110276e+01 2.964922674292762395e+01 2.932739614200630740e+01
8.678481727622807966e+02 3.141437071010017235e+01 2.965014480035102906e+01 2.932831371690872402e+01
8.745756727626327347e+02 3.141524807557095755e+01 2.965102251860258775e+01 2.932919097384092311e+01
8.813031727629846728e+02 3.141608688986326570e+01 2.965186167017486696e+01 2.933002968436392166e+01
8.880306727633366108e+02 3.141688884689955330e+01 2.965266394967073893e+01 2.933083154219059452e+01
8.947581727636885489e+02 3.141765556617542643e+01 2.965343097723746268e+01 2.933159816661589048e+01
9.014856727640404870e+02 3.141838859603313949e+01 2.965416430183984176e+01 2.933233110579089953e+01
9.082131727643924251e+02 3.141908941677206712e+01 2.965486540437257190e+01 2.933303183983156259e+01
9.149406727647443631e+02 3.141975944365412943e+01 2.965553570066680322e+01 2.933370178382489257e+01
9.216681727650963012e+02 3.142040002975494417e+01 2.965617654434163342e+01 2.933434229067921706e+01
9.283956727654482393e+02 3.142101246869032138e+01 2.965678922953310348e+01 2.933495465385004763e+01
9.351231727658001773e+02 3.142159799724316827e+01 2.965737499352184159e+01 2.933554010996755324e+01
9.418506727661521154e+02 3.142215779784243068e+01 2.965793501921183406e+01 2.933609984131419424e+01
9.485781727665040535e+02 3.142269300096069173e+01 2.965847043753012713e+01 2.933663497822271893e+01
9.553056727668559915e+02 3.142320468740786055e+01 2.965898232972256210e+01 2.933714660136922703e+01
9.620331727672079296e+02 3.142369389050554673e+01 2.965947172952434130e+01 2.933763574394794205e+01
9.687606727675598677e+02 3.142416159816207255e+01 2.965993962524180461e+01 2.933810339374463183e+01
9.754881727679118057e+02 3.142460875487950034e+01 2.966038696175689893e+01 2.933855049514465918e+01
9.822156727682637438e+02 3.142503626366340086e+01 2.966081464243825394e+01 2.933897795104155648e+01
9.889431727686156819e+02 3.142544498784207008e+01 2.966122353096153574e+01 2.933938662465732250e+01
9.956706727689676200e+02 3.142583575280036712e+01 2.966161445304260269e+01 2.933977734127410031e+01
