7.548799999999999824e-04 2.365000000000003411e+01 2.365000000000003411e+01 2.365000000000003411e+01
7.549554879998711776e+00 2.365000000000003411e+01 2.365000000000003411e+01 2.365000000000003411e+01
1.509835488000386583e+01 2.542214025763780683e+01 2.374758842661191238e+01 2.365736152997868658e+01
2.264715487999390930e+01 2.590200896253543306e+01 2.401802780777353519e+01 2.377195832383449670e+01
3.019595487998183003e+01 2.625203534725716281e+01 2.429124497840240338e+01 2.397707364908978889e+01
3.774475487999679046e+01 2.654416635709702632e+01 2.455331097727770384e+01 2.421195879208698898e+01
4.529355488002023833e+01 2.680513464370181964e+01 2.480249869860801937e+01 2.445030588095431767e+01
5.284235488004368619e+01 2.704588563057421879e+01 2.503867707456640801e+01 2.468210431849041697e+01
6.039115488006713406e+01 2.727116831093690053e+01 2.526222786198189851e+01 2.490383089937046179e+01
6.793995488009058192e+01 2.748326420823326544e+01 2.547370915396777491e+01 2.511450194657442125e+01
7.548875488011402979e+01 2.768345883057952506e+01 2.567372642412112782e+01 2.531411409656334399e+01
8.303755488013747765e+01 2.787262362231149382e+01 2.586288290486675123e+01 2.550303000136403853e+01
9.058635488016092552e+01 2.805144680202801055e+01 2.604176114189522195e+01 2.568173699522378683e+01
9.813515488018437338e+01 2.822052555238485638e+01 2.621091679011783526e+01 2.585075291379365581e+01
1.056839548802078212e+02 2.838040342569655650e+01 2.637087718288012184e+01 2.601058993734471869e+01
1.132327548802312691e+02 2.853158607038972150e+01 2.652214172987572738e+01 2.616174128130836607e+01
1.207815548802547170e+02 2.867454834819972120e+01 2.666518298453559055e+01 2.630467685256593313e+01
1.283303548802719547e+02 2.880973800374545135e+01 2.680044792616394034e+01 2.643984239515481249e+01
1.358791548801532940e+02 2.893757792653428851e+01 2.692835928006599033e+01 2.656765996651773776e+01
1.434279548800346333e+02 2.905846781312999383e+01 2.704931680836909891e+01 2.668852889468450940e+01
1.509767548799159727e+02 2.917278555078030422e+01 2.716369854748751322e+01 2.680282688350752096e+01
1.585255548797973120e+02 2.928088845149039798e+01 2.727186198489016533e+01 2.691091113673678592e+01
1.660743548796786513e+02 2.938311438972959877e+01 2.737414517455147234e+01 2.701311945219373456e+01
1.736231548795599906e+02 2.947978286666557324e+01 2.747086779274542323e+01 2.710977126871819110e+01
1.811719548794413299e+02 2.957119601202185777e+01 2.756233213689847616e+01 2.720116866110134879e+01
1.887207548793226692e+02 2.965763952962493022e+01 2.764882407025777411e+01 2.728759728280613217e+01
1.962695548792040086e+02 2.973938359086275796e+01 2.773061391529512321e+01 2.736932725821878876e+01
2.038183548790853479e+02 2.981668367928381258e+01 2.780795729855896070e+01 2.744661402668788241e+01
2.113671548789666872e+02 2.988978138915359750e+01 2.788109594959183823e+01 2.751969914077938029e+01
2.189159548788480265e+02 2.995890518057535701e+01 2.795025845644073570e+01 2.758881102120187734e+01
2.264647548787293658e+02 3.002427109353862988e+01 2.801566098009072903e+01 2.765416567070764131e+01
2.340135548786107051e+02 3.008608342312419381e+01 2.807750793004379375e+01 2.771596734917000049e+01
2.415623548784920445e+02 3.014453535801601447e+01 2.813599260318557072e+01 2.777440921198245860e+01
2.491111548783733838e+02 3.019980958429920292e+01 2.819129778792091656e+01 2.782967391374990029e+01
2.566599548782547231e+02 3.025207885643095551e+01 2.824359633546544046e+01 2.788193417916147610e+01
2.642087548781360624e+02 3.030150653715668341e+01 2.829305170006142589e+01 2.793135334281248561e+01
2.717575548780174017e+02 3.034824710809181170e+01 2.833981844984776899e+01 2.797808585969926298e+01
2.793063548778987411e+02 3.039244665254284428e+01 2.838404274995070864e+01 2.802227778795611357e+01
2.868551548777800804e+02 3.043424331207364730e+01 2.842586281930556424e+01 2.806406724534315344e+01
2.944039548776614197e+02 3.047376771825895503e+01 2.846540936265182609e+01 2.810358484092506615e+01
3.019527548775427590e+02 3.051114340095364241e+01 2.850280597903270063e+01 2.814095408327159475e+01
3.095015548774240983e+02 3.054648717437498817e+01 2.853816954809121853e+01 2.817629176647074019e+01
3.170503548773054376e+02 3.057990950219556225e+01 2.857161059536980474e+01 2.820970833516088305e+01
3.245991548771867770e+02 3.061151484279474744e+01 2.860323363775324879e+01 2.824130822972176702e+01
3.321479548770681163e+02 3.064140197572277202e+01 2.863313751011759223e+01 2.827119021268248389e+01
3.396967548769494556e+02 3.066966431043357488e+01 2.866141567423386505e+01 2.829944767740107636e+01
3.472455548768307949e+02 3.069639017822879623e+01 2.868815651087777496e+01 2.832616893995890450e+01
3.547943548767121342e+02 3.072166310832142244e+01 2.871344359604529473e+01 2.835143751517540522e+01
3.623431548765934735e+02 3.074556208890282960e+01 2.873735596216818067e+01 2.837533237763113902e+01
3.698919548764748129e+02 3.076816181401045469e+01 2.875996834511943234e+01 2.839792820849277177e+01
3.774407548763561522e+02 3.078953291698212524e+01 2.878135141779773676e+01 2.841929562892721606e+01
3.849895548762374915e+02 3.080974219121554825e+01 2.880157201101121700e+01 2.843950142082240973e+01
3.925383548761188308e+02 3.082885279891343089e+01 2.882069332233857040e+01 2.845860873549781900e+01
4.000871548760001701e+02 3.084692446850465330e+01 2.883877511366222279e+01 2.847667729108974299e+01
4.076359548758815095e+02 3.086401368131254230e+01 2.885587389793988677e+01 2.849376355918928994e+01
4.151847548757628488e+02 3.088017384807807275e+01 2.887204311582712535e+01 2.850992094133420096e+01
4.227335548756441881e+02 3.089545547590046226e+01 2.888733330271202249e+01 2.852519993592028413e+01
4.302823548755255274e+02 3.090990632609162958e+01 2.890179224665689617e+01 2.853964829602949749e+01
4.378311548754068667e+02 3.092357156343382485e+01 2.891546513773960214e+01 2.855331117866188606e+01
4.453799548752882060e+02 3.093649389735719524e+01 2.892839470931227197e+01 2.856623128588790905e+01
4.529287548751695454e+02 3.094871371541472627e+01 2.894062137154810443e+01 2.857844899830143959e+01
4.604775548750508847e+02 3.096026920951447892e+01 2.895218333774602115e+01 2.859000250122949183e+01
4.680263548749322240e+02 3.097119649527064666e+01 2.896311674374811673e+01 2.860092790406275753e+01
4.755751548748135633e+02 3.098152972489913282e+01 2.897345576089844599e+01 2.861125935313242508e+01
4.831239548746949026e+02 3.099130119394851590e+01 2.898323270283435704e+01 2.862102913842227281e+01
4.906727548745762419e+02 3.100054144223742014e+01 2.899247812647917044e+01 2.863026779448841808e+01
4.982215548744575813e+02 3.100927934930564334e+01 2.900122092754787673e+01 2.863900419589413104e+01
5.057703548743389206e+02 3.101754222466422561e+01 2.900948843084694317e+01 2.864726564744483994e+01
5.133191548743195654e+02 3.102535589316181586e+01 2.901730647568945187e+01 2.865507796953886555e+01
5.208679548747693389e+02 3.103274477569186729e+01 2.902469949664674687e+01 2.866246557886211122e+01
5.284167548752191124e+02 3.103973196552004765e+01 2.903169059991893164e+01 2.866945156470063694e+01
5.359655548756688859e+02 3.104633930045781653e+01 2.903830163554812316e+01 2.867605776110281113e+01
5.435143548761186594e+02 3.105258743111841113e+01 2.904455326571422802e+01 2.868230481512387087e+01
5.510631548765684329e+02 3.105849588545197548e+01 2.905046502930463248e+01 2.868821225134905717e+01
5.586119548770182064e+02 3.106408312978476260e+01 2.905605540298813594e+01 2.869379853292190319e+01
5.661607548774679799e+02 3.106936662652594805e+01 2.906134185895439259e+01 2.869908111924348759e+01
5.737095548779177534e+02 3.107436288875305763e+01 2.906634091953009147e+01 2.870407652054535674e+01
5.812583548783675269e+02 3.107908753181828843e+01 2.907106820881307385e+01 2.870880034948913817e+01
5.888071548788173004e+02 3.108355532215557560e+01 2.907553850150793551e+01 2.871326736996439877e+01
5.963559548792670739e+02 3.108778022342835357e+01 2.907976576909885580e+01 2.871749154322804998e+01
6.039047548797168474e+02 3.109177544017080663e+01 2.908376322351591625e+01 2.872148607153923194e+01
6.114535548801666209e+02 3.109555345906113644e+01 2.908754335843070749e+01 2.872526343942439553e+01
6.190023548806163944e+02 3.109912608794644484e+01 2.909111798830383577e+01 2.872883545269627348e+01
6.265511548810661679e+02 3.110250449274610673e+01 2.909449828530893001e+01 2.873221327534986358e+01
6.340999548815159415e+02 3.110569923235146916e+01 2.909769481425070126e+01 2.873540746445740979e+01
6.416487548819657150e+02 3.110872029162521812e+01 2.910071756558477318e+01 2.873842800316054991e+01
6.491975548824154885e+02 3.111157711260665337e+01 2.910357598663841827e+01 2.874128433187217979e+01
6.567463548828652620e+02 3.111427862402467781e+01 2.910627901114156657e+01 2.874398537778250784e+01
6.642951548833150355e+02 3.111683326919819592e+01 2.910883508714238133e+01 2.874653958275530385e+01
6.718439548837648090e+02 3.111924903243379958e+01 2.911125220341875774e+01 2.874895492972126476e+01
6.793927548842145825e+02 3.112153346397894893e+01 2.911353791444764738e+01 2.875123896762693221e+01
6.869415548846643560e+02 3.112369370360346466e+01 2.911569936399712333e+01 2.875339883501231952e+01
6.944903548851141295e+02 3.112573650294280014e+01 2.911774330748482953e+01 2.875544128234929531e+01
7.020391548855639030e+02 3.112766824657239795e+01 2.911967613306165958e+01 2.875737269311269984e+01
7.095879548860136765e+02 3.112949497197712390e+01 2.912150388159426484e+01 2.875919910374722122e+01
7.171367548864634500e+02 3.113122238842129264e+01 2.912323226554423172e+01 2.876092622253361242e+01
7.246855548869132235e+02 3.113285589477982285e+01 2.912486668681054880e+01 2.876255944741615167e+01
7.322343548873629970e+02 3.113440059642431379e+01 2.912641225362438036e+01 2.876410388288729791e+01
7.397831548878127705e+02 3.113586132118564365e+01 2.912787379652104391e+01 2.876556435594551431e+01
7.473319548882625440e+02 3.113724263440502682e+01 2.912925588339760452e+01 2.876694543114535918e+01
7.548807548887123176e+02 3.113854885326981048e+01 2.913056283386043788e+01 2.876825142493055409e+01
7.624295548891620911e+02 3.113978406023352363e+01 2.913179873264965636e+01 2.876948641905107706e+01
7.699783548896118646e+02 3.114095211581184230e+01 2.913296744244189540e+01 2.877065427335730874e+01
7.775271548900616381e+02 3.114205667067392369e+01 2.913407261595256159e+01 2.877175863788914967e+01
7.850759548905114116e+02 3.114310117699670855e+01 2.913511770729110140e+01 2.877280296422924266e+01
7.926247548909611851e+02 3.114408889927557311e+01 2.913610598278194175e+01 2.877379051630975937e+01
8.001735548914109586e+02 3.114502292455244969e+01 2.913704053119539594e+01 2.877472438064108928e+01
8.077223548918607321e+02 3.114590617204640921e+01 2.913792427338609059e+01 2.877560747593923907e+01
8.152711548923105056e+02 3.114674140225304200e+01 2.913875997139547280e+01 2.877644256222419017e+01
8.228199548927602791e+02 3.114753122560847487e+01 2.913955023712168213e+01 2.877723224948221059e+01
8.303687548932100526e+02 3.114827811063020135e+01 2.914029754046509879e+01 2.877797900580503665e+01
8.379175548936598261e+02 3.114898439164477395e+01 2.914100421705950339e+01 2.877868516511773578e+01
8.454663548941095996e+02 3.114965227607035558e+01 2.914167247555940321e+01 2.877935293445767684e+01
8.530151548945593731e+02 3.115028385130619881e+01 2.914230440453297888e+01 2.877998440086423670e+01
8.605639548950091466e+02 3.115088109128652150e+01 2.914290197902062118e+01 2.878058153793176643e+01
8.681127548954589201e+02 3.115144586262789517e+01 2.914346706668391107e+01 2.878114621195527434e+01
8.756615548959086937e+02 3.115197993047689806e+01 2.914400143365810436e+01 2.878168018777694215e+01
8.832103548963584672e+02 3.115248496401062539e+01 2.914450675005514313e+01 2.878218513428629421e+01
8.907591548968082407e+02 3.115296254166383960e+01 2.914498459519438711e+01 2.878266262964632460e+01
8.983079548972580142e+02 3.115341415606144437e+01 2.914543646253576981e+01 2.878311416622443630e+01
9.058567548977077877e+02 3.115384121867117528e+01 2.914586376433811665e+01 2.878354115524535928e+01
9.134055548981575612e+02 3.115424506425091522e+01 2.914626783610702887e+01 2.878394493123698794e+01
9.209543548986073347e+02 3.115462695497899404e+01 2.914664994072745685e+01 2.878432675616016923e+01
9.285031548990571082e+02 3.115498808441435585e+01 2.914701127242767598e+01 2.878468782336778986e+01
9.360519548995068817e+02 3.115532958124094876e+01 2.914735296052276681e+01 2.878502926134984818e+01
9.436007548999566552e+02 3.115565251277752168e+01 2.914767607292964158e+01 2.878535213724086361e+01
9.511495549004064287e+02 3.115595788831126356e+01 2.914798161950045596e+01 2.878565746015397053e+01
9.586983549008562022e+02 3.115624666226500494e+01 2.914827055519310761e+01 2.878594618434817676e+01
9.662471549013059757e+02 3.115651973717973533e+01 2.914854378305386717e+01 2.878621921220826607e+01
9.737959549017557492e+02 3.115677796652289544e+01 2.914880215702811483e+01 2.878647739705508002e+01
9.813447549022055227e+02 3.115702215735836944e+01 2.914904648463283365e+01 2.878672154581295217e+01
9.888935549026552962e+02 3.115725307288585100e+01 2.914927752949330397e+01 2.878695242155043843e+01
9.964423549031050698e+02 3.115747143480621162e+01 2.914949601371540666e+01 2.878717074584369584e+01
1.003991154903554843e+03 3.115767792559569216e+01 2.914970262015776825e+01 2.878737720105209519e+01
1.011539954904004617e+03 3.115787319062889082e+01 2.914989799455668162e+01 2.878757243243859421e+01
1.019088754904454390e+03 3.115805784017913993e+01 2.915008274752716488e+01 2.878775705017125119e+01
1.026637554904506942e+03 3.115823245135237585e+01 2.915025745649796818e+01 2.878793163125652654e+01
1.034186354903819847e+03 2.923213313692212978e+01 2.898141582286069706e+01 2.876293577367380294e+01
1.041735154903132752e+03 2.880120866856179873e+01 2.870612294017684007e+01 2.861521932723138661e+01
1.049283954902445657e+03 2.847165906958656478e+01 2.843575374191277660e+01 2.839775851916868987e+01
1.056832754901758562e+03 2.819001437737102833e+01 2.817732093702579732e+01 2.816039053728638919e+01
1.064381554901071468e+03 2.793549572420516824e+01 2.793188214526242064e+01 2.792337324715805380e+01
1.071930354900384373e+03 2.769947651798634070e+01 2.769937086787462022e+01 2.769428535618550313e+01
1.079479154899697278e+03 2.747812875352690298e+01 2.747933591682163978e+01 2.747569553487579697e+01
1.087027954899010183e+03 2.726954085882465506e+01 2.727119830782191912e+01 2.726821711371997026e+01
1.094576754898323088e+03 2.707257945781162789e+01 2.707435043590271562e+01 2.707171338448779352e+01
1.102125554897635993e+03 2.688643893161719234e+01 2.688819400820830197e+01 2.688577218406391012e+01
1.109674354896948898e+03 2.671046250703392388e+01 2.671215389527446860e+01 2.670989209824512045e+01
1.117223154896261804e+03 2.654407057964431260e+01 2.654568253878898076e+01 2.654355489945425006e+01
1.124771954895574709e+03 2.638673142100947189e+01 2.638826068952624837e+01 2.638625313746098300e+01
1.132320754894887614e+03 2.623794866967438111e+01 2.623939675123625648e+01 2.623750008301027492e+01
1.139869554894200519e+03 2.609725549837202152e+01 2.609862562579115774e+01 2.609683275743748254e+01
1.147418354893513424e+03 2.596421146507344702e+01 2.596550741018234021e+01 2.596381228192939261e+01
1.154967154892826329e+03 2.583840046938161095e+01 2.583962608108839731e+01 2.583802321485461562e+01
1.162515954892139234e+03 2.571942918877994089e+01 2.572058821810594509e+01 2.571907253318818221e+01
1.170064754891452139e+03 2.560692574540632904e+01 2.560802178340526325e+01 2.560658851461005270e+01
1.177613554890765045e+03 2.550053850277436140e+01 2.550157496262295354e+01 2.550021961932588965e+01
1.185162354890077950e+03 2.539993495056614847e+01 2.540091506673388722e+01 2.539963340856365903e+01
1.192711154889390855e+03 2.530480065902639808e+01 2.530572749284499423e+01 2.530451551237263175e+01
1.200259954888703760e+03 2.521483829369714158e+01 2.521571474113773093e+01 2.521456864975039025e+01
1.207808754888016665e+03 2.512976668515727852e+01 2.513059548517423991e+01 2.512951170060063077e+01
1.215357554887329570e+03 2.504931994984156063e+01 2.505010369265329473e+01 2.504907882751956549e+01
1.222906354886642475e+03 2.497324665888982054e+01 2.497398779396496593e+01 2.497301864510853875e+01
1.230455154885955380e+03 2.490130905228960501e+01 2.490200989595854253e+01 2.490109343437825373e+01
1.238003954885268286e+03 2.483328229573373847e+01 2.483394503841071810e+01 2.483307839978436959e+01
1.245552754884581191e+03 2.476895377791083774e+01 2.476958049093343561e+01 2.476876096666057947e+01
1.253101554883894096e+03 2.470812244602774399e+01 2.470871508812803086e+01 2.470794011686069780e+01
1.260650354883207001e+03 2.465059817741570214e+01 2.465115860084119959e+01 2.465042576047812872e+01
1.268199154882519906e+03 2.459620118532387778e+01 2.459673114162558250e+01 2.459603814174232639e+01
1.275747954881832811e+03 2.454476145700829193e+01 2.454526260251526537e+01 2.454460727720521618e+01
1.283296754881145716e+03 2.449611822238875902e+01 2.449659212338457337e+01 2.449597242448936640e+01
1.290845554880458621e+03 2.445011945156130651e+01 2.445056758917945672e+01 2.444998157988771936e+01
1.298394354879771527e+03 2.440662137964631029e+01 2.440704515449920109e+01 2.440649100329358134e+01
1.305943154879084432e+03 2.436548805746593871e+01 2.436588879402250996e+01 2.436536476895491887e+01
1.313491954878397337e+03 2.432659092664431455e+01 2.432696987736932215e+01 2.432647434064813297e+01
1.321040754877710242e+03 2.428980841782163225e+01 2.429016676709045441e+01 2.428969816996163900e+01
1.328589554877023147e+03 2.425502557068801934e+01 2.425536443848790213e+01 2.425492131639458648e+01
1.336138354876336052e+03 2.422213367469186096e+01 2.422245412012262022e+01 2.422203508812827977e+01
1.343687154875648957e+03 2.419102992927292917e+01 2.419133295385688598e+01 2.419093670231609394e+01
1.351235954874961863e+03 2.416161712256558758e+01 2.416190367337770795e+01 2.416152896384289761e+01
1.358784754874274768e+03 2.413380332758168834e+01 2.413407430021010214e+01 2.413371996156138266e+01
1.366333554873587673e+03 2.410750161488516596e+01 2.410775785622939793e+01 2.410742278101452030e+01
1.373882354872900578e+03 2.408262978092579942e+01 2.408287209184470612e+01 2.408255523281684418e+01
1.381431154872213483e+03 2.405911009109672705e+01 2.405933922891028942e+01 2.405903959575658746e+01
1.388979954871526388e+03 2.403686903680141995e+01 2.403708571765866964e+01 2.403680237390318553e+01
1.396528754870839293e+03 2.401583710569070718e+01 2.401604200680742451e+01 2.401577406688591054e+01
1.404077554870152198e+03 2.399594856441990487e+01 2.399614232619552467e+01 2.399588895268647093e+01
1.411626354869465104e+03 2.397714125320675294e+01 2.397732448122570759e+01 2.397708488223372569e+01
1.419175154868778009e+03 2.395935639154572527e+01 2.395952965846987581e+01 2.395930308515073648e+01
1.426723954868090914e+03 2.394253839450738042e+01 2.394270224186669793e+01 2.394248798608646212e+01
1.434272754867403819e+03 2.392663469900901418e+01 2.392678963889335364e+01 2.392658703101551509e+01
1.441821554866716724e+03 2.391159559952740210e+01 2.391174211618664458e+01 2.391155052297909833e+01
1.449370354866029629e+03 2.389737409275232949e+01 2.389751264411040665e+01 2.389733146676672959e+01
1.456919154865342534e+03 2.388392573069251057e+01 2.388405674977929039e+01 2.388388542204620535e+01
1.464467954864655439e+03 2.387120848174163257e+01 2.387133237804476948e+01 2.387117036445357598e+01
1.472016754863968345e+03 2.385918259931764851e+01 2.385929976006343622e+01 2.385914655425597175e+01
1.479565554863281250e+03 2.384781049764615091e+01 2.384792128900994612e+01 2.384777641215515587e+01
1.487114354862594155e+03 2.383705663428526123e+01 2.383716140253488902e+01 2.383702440183407134e+01
1.494663154861907060e+03 2.382688739903494479e+01 2.382698647161396366e+01 2.382685691888389101e+01
1.502211954861219965e+03 2.381727100889514759e+01 2.381736469544580359e+01 2.381724218578142427e+01
1.509760754860532870e+03 2.380817740873271759e+01 2.380826600206364674e+01 2.380815015257240930e+01
1.517309554859845775e+03 2.379957817734202763e+01 2.379966195434315068e+01 2.379955240294850682e+01
1.524858354859158680e+03 2.379144643863236297e+01 2.379152566114095180e+01 2.379142206545014915e+01
1.532407154858471586e+03 2.378375677760982398e+01 2.378383169322847834e+01 2.378373372946282416e+01
1.539955954857784491e+03 2.377648516095257492e+01 2.377655600382297507e+01 2.377646336580585285e+01
1.547504754857097396e+03 2.376960886189993971e+01 2.376967585343516021e+01 2.376958825163484335e+01
1.555053554856410301e+03 2.376310638921859208e+01 2.376316973879437455e+01 2.376308689941976127e+01
1.562602354855723206e+03 2.375695742003654232e+01 2.375701732564624535e+01 2.375693898979022833e+01
1.570151154855036111e+03 2.375114273631419337e+01 2.375119938518668050e+01 2.375112530801868616e+01
1.577699954854349016e+03 2.374564416480689033e+01 2.374569773399355199e+01 2.374562768399135848e+01
1.585248754853661922e+03 2.374044452023883878e+01 2.374049517716497348e+01 2.374042893539422039e+01
1.592797554852974827e+03 2.373552755160682182e+01 2.373557545459578932e+01 2.373551281402399127e+01
1.600346354852287732e+03 2.373087789138014614e+01 2.373092319014835994e+01 2.373086395499814216e+01
1.607895154851600637e+03 2.372648100747960598e+01 2.372652384360418409e+01 2.372646782874170412e+01
1.615443954850913542e+03 2.372232315785402079e+01 2.372236366521514128e+01 2.372231069557130922e+01
1.622992754850226447e+03 2.371839134753088274e+01 2.371842965273083337e+01 2.371837956275362558e+01
1.630541554849539352e+03 2.371467328800304131e+01 2.371470951076071287e+01 2.371466214389886318e+01
1.638090354848852257e+03 2.371115735882028730e+01 2.371119161234679495e+01 2.371114682055963385e+01
1.645639154848165163e+03 2.370783257127339994e+01 2.370786496262530818e+01 2.370782260591971635e+01
1.653187954847478068e+03 2.370468853404747733e+01 2.370471916446058458e+01 2.370467911045494702e+01
1.660736754846790973e+03 2.370171542074427862e+01 2.370174438595125821e+01 2.370170650946033675e+01
1.668285554846103878e+03 2.369890393917745541e+01 2.369893132970656779e+01 2.369889551235064573e+01
1.675834354845416783e+03 2.369624530232158577e+01 2.369627120377884921e+01 2.369623733361493123e+01
1.683383154844729688e+03 2.369373120085458595e+01 2.369375569419275962e+01 2.369372366536219943e+01
1.690931954844042593e+03 2.369135377719027247e+01 2.369137693896095698e+01 2.369134665136107287e+01
1.698480754843355498e+03 2.368910560090586159e+01 2.368912750349903718e+01 2.368909886246859742e+01
1.706029554842668404e+03 2.368697964554149848e+01 2.368700035741164811e+01 2.368697327343573988e+01
1.713578354841981309e+03 2.368496926662129454e+01 2.368498885250141939e+01 2.368496324093172234e+01
1.721127154841294214e+03 2.368306818088694854e+01 2.368308670199110111e+01 2.368306248278094017e+01
1.728675954840607119e+03 2.368127044668187864e+01 2.368128796089547450e+01 2.368126505835027729e+01
1.736224754839920024e+03 2.367957044534148281e+01 2.367958700740371114e+01 2.367956534994380036e+01
1.743773554839232929e+03 2.367796286368547953e+01 2.367797852536011760e+01 2.367795804529640691e+01
1.751322354838545834e+03 2.367644267735079211e+01 2.367645748758690161e+01 2.367643812091097288e+01
1.758871154837858739e+03 2.367500513514681870e+01 2.367501914023154086e+01 2.367500082641544168e+01
1.766419954837171645e+03 2.367364574417337053e+01 2.367365898787886636e+01 2.367364166968405925e+01
1.773968754836484550e+03 2.367236025576039538e+01 2.367237277947930352e+01 2.367235640277829134e+01
1.781517554835797455e+03 2.367114465225540698e+01 2.367115649512845721e+01 2.367114100873874349e+01
1.789066354835110360e+03 2.366999513439833436e+01 2.367000633343997151e+01 2.366999168895949879e+01
1.796615154834423265e+03 2.366890810946216561e+01 2.366891869967406592e+01 2.366890485133285438e+01
1.804163954833736170e+03 2.366788018006604943e+01 2.366789019454625986e+01 2.366787709906316195e+01
1.811712754833049075e+03 2.366690813351931411e+01 2.366691760356815166e+01 2.366690522001340469e+01
1.819261554832361981e+03 2.366598893176490037e+01 2.366599788697897111e+01 2.366598617665033544e+01
1.826810354831674886e+03 2.366511970192181025e+01 2.366512817029052940e+01 2.366511709658772133e+01
1.834359154830987791e+03 2.366429772730600689e+01 2.366430573529595449e+01 2.366429526360957425e+01
1.841907954830300696e+03 2.366352043890987034e+01 2.366352801154994268e+01 2.366351810915080023e+01
1.849456754829613601e+03 2.366278540738738911e+01 2.366279256834468470e+01 2.366278320428460802e+01
1.857005554828926506e+03 2.366209033546306273e+01 2.366209710711837033e+01 2.366208825213078626e+01
1.864554354828239411e+03 2.366143305075337366e+01 2.366143945427165818e+01 2.366143108068041556e+01
1.872103154827552316e+03 2.366081149898667491e+01 2.366081755438034406e+01 2.366080963601586973e+01
1.879651954826865222e+03 2.366022373755311037e+01 2.366022946374829417e+01 2.366022197586153197e+01
1.887200754826178127e+03 2.365966792946238684e+01 2.365967334435629255e+01 2.365966626354423852e+01
1.894749554825491032e+03 2.365914233757968077e+01 2.365914745809607211e+01 2.365914076222827589e+01
1.902298354824803937e+03 2.365864531922323977e+01 2.365865016136496024e+01 2.365864382951508560e+01
1.909847154824116842e+03 2.365817532100390963e+01 2.365817989990489423e+01 2.365817391228290489e+01
1.917395954823429747e+03 2.365773087399173846e+01 2.365773520396385265e+01 2.365772954185501931e+01
1.924944754822742652e+03 2.365731058911660512e+01 2.365731468369233426e+01 2.365730932940084585e+01
1.932493554822055557e+03 2.365691315280139406e+01 2.365691702477766967e+01 2.365691196156933529e+01
1.940042354821368463e+03 2.365653732290337530e+01 2.365654098438170649e+01 2.365653619643217098e+01
1.947591154820681368e+03 2.365618192480314974e+01 2.365618538722702624e+01 2.365618085957186167e+01
1.955139954819994273e+03 2.365584584772875587e+01 2.365584912192008460e+01 2.365584484040817870e+01
1.962688754819307178e+03 2.365552804130447839e+01 2.365553113749632530e+01 2.365552708874628252e+01
1.970237554818620083e+03 2.365522751225881848e+01 2.365523044012775244e+01 2.365522661148600037e+01
1.977786354817932988e+03 2.365494332131595456e+01 2.365494609001274284e+01 2.365494246951311652e+01
1.985335154817245893e+03 2.365467458025824499e+01 2.365467719843633176e+01 2.365467377476323918e+01
1.992883954816558798e+03 2.365442044916591158e+01 2.365442292500824806e+01 2.365441968746125667e+01
