1.476768292682926770e-03 2.365000000000003411e+01 2.365000000000003411e+01 2.365000000000003411e+01
1.476915969512306859e+01 2.637724356640450196e+01 2.369121380879164462e+01 2.365033071379878038e+01
2.953684262195368504e+01 2.736514232644532285e+01 2.411616676824240812e+01 2.376432832665676642e+01
4.430452554878429794e+01 2.799806374386201924e+01 2.457120408208754725e+01 2.406476616706288496e+01
5.907220847561491439e+01 2.848546137413478618e+01 2.499250179030434538e+01 2.442629041883810714e+01
7.383989140239818028e+01 2.889485986189060895e+01 2.537713729825384235e+01 2.478804155123248165e+01
8.860757432915774245e+01 2.925363404751146845e+01 2.572673127368847190e+01 2.512874851370122542e+01
1.033752572559173046e+02 2.957410915899123438e+01 2.604389920790606539e+01 2.544234363315439396e+01
1.181429401826768668e+02 2.986274398663482543e+01 2.633143165301282806e+01 2.572833220371586549e+01
1.329106231094836801e+02 3.012361088009288324e+01 2.659201574162614179e+01 2.598815755567540009e+01
1.476783060363853508e+02 3.035972689422379744e+01 2.682814619060638961e+01 2.622384251564517399e+01
1.624459889632870215e+02 3.057357137179661777e+01 2.704210606897675007e+01 2.643749022282662509e+01
1.772136718901886923e+02 3.076729463679322407e+01 2.723597257543235628e+01 2.663110845867055332e+01
1.919813548170903630e+02 3.094280869650020804e+01 2.741163104424748553e+01 2.680655504786926713e+01
2.067490377439920337e+02 3.110183223093116567e+01 2.757079095129734014e+01 2.696552791786251646e+01
2.215167206708937044e+02 3.124591729664678041e+01 2.771500167007729942e+01 2.710957103531501389e+01
2.362844035977953752e+02 3.137646820742827458e+01 2.784566722161503094e+01 2.724008543389089709e+01
2.510520865246970459e+02 3.149475663238285961e+01 2.796405981808828756e+01 2.735834134162854525e+01
2.658197694514097407e+02 3.160193451642277296e+01 2.807133220203587598e+01 2.746548997646436874e+01
2.805874523780271943e+02 3.169904550006248201e+01 2.816852885219014979e+01 2.756257453899303300e+01
2.953551353046446479e+02 3.178703515805131019e+01 2.825659614645314832e+01 2.765054028806696351e+01
3.101228182312621016e+02 3.186676023530094426e+01 2.833639157395793973e+01 2.773024371363459295e+01
3.248905011578795552e+02 3.193899699980079276e+01 2.840869208325290174e+01 2.780246086448789811e+01
3.396581840844970088e+02 3.200444880511093970e+01 2.847420164689356170e+01 2.786789490004662184e+01
3.544258670111144625e+02 3.206375294031806789e+01 2.853355811571321965e+01 2.792718293517953043e+01
3.691935499377319161e+02 3.211748683576149688e+01 2.858733942937175243e+01 2.798090224301074613e+01
3.839612328643493697e+02 3.216617368555978373e+01 2.863606924359760342e+01 2.802957587545154183e+01
3.987289157909668234e+02 3.221028754190120935e+01 2.868022202887891581e+01 2.807367775593172610e+01
4.134965987175842770e+02 3.225025793082727432e+01 2.872022769028615130e+01 2.811363729386204113e+01
4.282642816442017306e+02 3.228647403441226515e+01 2.875647575332823180e+01 2.814984356565366852e+01
4.430319645708191842e+02 3.231928848016468692e+01 2.878931915669369346e+01 2.818264910308238314e+01
4.577996474974366379e+02 3.234902077445764235e+01 2.881907768870809150e+01 2.821237332578158430e+01
4.725673304240540915e+02 3.237596041349922871e+01 2.884604110104930896e+01 2.823930565136726045e+01
4.873350133506715451e+02 3.240036970208819866e+01 2.887047192999131084e+01 2.826370831342899237e+01
5.021026962772889988e+02 3.242248630760144579e+01 2.889260805264393639e+01 2.828581891482275523e+01
5.168703792040938652e+02 3.244252557411306270e+01 2.891266500311508025e+01 2.830585274116145911e+01
5.316380621312797530e+02 3.246068261914786035e+01 2.893083807111435135e+01 2.832400485700122772e+01
5.464057450584656408e+02 3.247713423349733830e+01 2.894730420344467348e+01 2.834045200513810414e+01
5.611734279856515286e+02 3.249204060257636684e+01 2.896222372687890356e+01 2.835535432750111795e+01
5.759411109128374164e+02 3.250554686611616262e+01 2.897574190922921389e+01 2.836885692441956053e+01
5.907087938400233043e+02 3.251778453136233793e+01 2.898799037379177435e+01 2.838109126743768229e+01
6.054764767672091921e+02 3.252887275352276220e+01 2.899908838092483165e+01 2.839217647941609357e+01
6.202441596943950799e+02 3.253891949595043798e+01 2.900914398925499427e+01 2.840222049439790908e+01
6.350118426215809677e+02 3.254802258136936643e+01 2.901825510783220352e+01 2.841132110855096471e+01
6.497795255487668555e+02 3.255627064433207352e+01 2.902651044942513181e+01 2.841956693236545561e+01
6.645472084759527434e+02 3.256374399425135380e+01 2.903399039431741357e+01 2.842703825345228097e+01
6.793148914031386312e+02 3.257051539733436130e+01 2.904076777292954148e+01 2.843380781826436987e+01
6.940825743303245190e+02 3.257665078510461854e+01 2.904690857496728995e+01 2.843994154042644595e+01
7.088502572575104068e+02 3.258220989636561171e+01 2.905247259195169818e+01 2.844549914252428380e+01
7.236179401846962946e+02 3.258724685884277505e+01 2.905751399937395263e+01 2.845053473758872542e+01
7.383856231118821825e+02 3.259181071623049775e+01 2.906208188420799843e+01 2.845509735600029444e+01
7.531533060390680703e+02 3.259594590571271056e+01 2.906622072285193781e+01 2.845923142287938390e+01
7.679209889662539581e+02 3.259969269063890351e+01 2.906997081418620610e+01 2.846297719064466492e+01
7.826886718934398459e+02 3.260308755255266533e+01 2.907336867194834440e+01 2.846637113093612470e+01
7.974563548206257337e+02 3.260616354640660575e+01 2.907644738026033338e+01 2.846944628973261615e+01
8.122240377478116216e+02 3.260895062241581854e+01 2.907923691576780811e+01 2.847223260911852094e+01
8.269917206749975094e+02 3.261147591766803089e+01 2.908176443950583234e+01 2.847475721881471600e+01
8.417594036021833972e+02 3.261376402035756428e+01 2.908405456136677003e+01 2.847704470034011592e+01
8.565270865293692850e+02 3.261583720919088591e+01 2.908612957971746482e+01 2.847911732635327553e+01
8.712947694565551728e+02 3.261771567031348695e+01 2.908800969851694163e+01 2.848099527751918458e+01
8.860624523837410607e+02 3.261941769384958434e+01 2.908971322403004933e+01 2.848269683899735583e+01
9.008301353109269485e+02 3.262095985199050574e+01 2.909125674307222198e+01 2.848423857848001717e+01
9.155978182381128363e+02 3.262235716035985433e+01 2.909265528451783211e+01 2.848563550751441653e+01
9.303655011652987241e+02 3.262362322421330418e+01 2.909392246562902073e+01 2.848690122766220156e+01
9.451331840924846119e+02 3.262477037091082366e+01 2.909507062464365390e+01 2.848804806293730962e+01
9.599008670196704998e+02 3.262580976994348703e+01 2.909611094091013683e+01 2.848908717979855965e+01
9.746685499468563876e+02 3.262675154169278358e+01 2.909705354374045783e+01 2.849002869587974374e+01
9.894362328740422754e+02 3.262760485596311355e+01 2.909790761103124623e+01 2.849088177849614567e+01
1.004203915801228163e+03 3.262837802126352926e+01 2.909868145862304800e+01 2.849165473390098668e+01
1.018971598728414051e+03 3.262907856573167464e+01 2.909938262129770692e+01 2.849235508818833296e+01
1.033739281654850174e+03 2.972852284182562244e+01 2.901575993011232413e+01 2.849071681493643382e+01
1.048506964580899194e+03 2.881768848180962550e+01 2.857231605622411053e+01 2.834676288383849396e+01
1.063274647506948213e+03 2.821146278375647398e+01 2.812159751577911493e+01 2.803265802935203510e+01
1.078042330432997232e+03 2.773754209388175695e+01 2.770567278066391737e+01 2.766930629372774320e+01
1.092810013359046252e+03 2.733642694311458854e+01 2.732626966850040162e+01 2.731005095747502764e+01
1.107577696285095271e+03 2.698367664175981417e+01 2.698154907574115668e+01 2.697317924141475487e+01
1.122345379211144291e+03 2.666809969215853471e+01 2.666884670890146936e+01 2.666365421816715298e+01
1.137113062137193310e+03 2.638369129926286405e+01 2.638537926422634428e+01 2.638157841061450881e+01
1.151880745063242330e+03 2.612657385390775744e+01 2.612848549686185606e+01 2.612538334780123250e+01
1.166648427989291349e+03 2.589382486853668297e+01 2.589570144589578149e+01 2.589301984260578138e+01
1.181416110915340369e+03 2.568301973221855405e+01 2.568477466880727889e+01 2.568239376914192462e+01
1.196183793841389388e+03 2.549204601109028090e+01 2.549365675985262669e+01 2.549151794880242505e+01
1.210951476767438407e+03 2.531902160587958406e+01 2.532048886759633888e+01 2.531855792571013808e+01
1.225719159693487427e+03 2.516225326335614909e+01 2.516358566061529700e+01 2.516183872341338201e+01
1.240486842619536446e+03 2.502021133340923598e+01 2.502141969840749880e+01 2.501983784231941854e+01
1.255254525545585466e+03 2.489151156520568975e+01 2.489260685414319596e+01 2.489117395345857631e+01
1.270022208471634485e+03 2.477490037781575438e+01 2.477589294930288588e+01 2.477459477869132343e+01
1.284789891397683505e+03 2.466924218139621416e+01 2.467014158420562353e+01 2.466896540029483731e+01
1.299557574323732524e+03 2.457350814141835826e+01 2.457432308909784524e+01 2.457325740058104202e+01
1.314325257249781544e+03 2.448676609356260769e+01 2.448750450453451322e+01 2.448653892028340806e+01
1.329092940175830563e+03 2.440817144190685895e+01 2.440884049965319491e+01 2.440796561242041207e+01
1.343860623101879582e+03 2.433695892563667940e+01 2.433756514225052570e+01 2.433677243135815615e+01
1.358628306027928602e+03 2.427243516423794745e+01 2.427298444141206346e+01 2.427226618762591670e+01
1.373395988953977621e+03 2.421397190483565964e+01 2.421446959041207947e+01 2.421381879996619091e+01
1.388163671880026641e+03 2.416099990452335078e+01 2.416145084422009859e+01 2.416086118040954034e+01
1.402931354806075660e+03 2.411300338758223916e+01 2.411341197204211539e+01 2.411287769340947307e+01
1.417699037732124680e+03 2.406951502343218863e+01 2.406988523092593368e+01 2.406940113531180714e+01
1.432466720658173699e+03 2.403011137630181793e+01 2.403044681144393735e+01 2.403000818531961613e+01
1.447234403584222719e+03 2.399440878234565844e+01 2.399471271118477489e+01 2.399431528375077960e+01
1.462002086510271738e+03 2.396205961397407691e+01 2.396233499579136605e+01 2.396197489739125785e+01
1.476769769436320757e+03 2.393274889510894354e+01 2.393299841123075566e+01 2.393267213567276031e+01
1.491537452362369777e+03 2.390619123432236393e+01 2.390641731422692828e+01 2.390612168464417664e+01
1.506305135288418796e+03 2.388212804604376061e+01 2.388233289101674472e+01 2.388206502893490324e+01
1.521072818214467816e+03 2.386032503279301409e+01 2.386051063736090327e+01 2.386026793467101470e+01
1.535840501140516835e+03 2.384056990386869757e+01 2.384073807521878052e+01 2.384051816878286445e+01
1.550608184066565855e+03 2.382267030832571209e+01 2.382282268390150648e+01 2.382262343254399184e+01
1.565375866992614874e+03 2.380645196209479764e+01 2.380659002554079962e+01 2.380640948919898392e+01
1.580143549918663894e+03 2.379175695103845101e+01 2.379188204664558270e+01 2.379171846748022290e+01
1.594911232844712913e+03 2.377844219336662945e+01 2.377855553916054987e+01 2.377840732444059313e+01
1.609678915770761932e+03 2.376637804648237307e+01 2.376648074608368688e+01 2.376634645267824908e+01
1.624446598696810952e+03 2.375544704468114787e+01 2.375554009805154010e+01 2.375541841837758739e+01
1.639214281622859971e+03 2.374554275542925552e+01 2.374562706860683647e+01 2.374551681789898794e+01
1.653981964548908991e+03 2.373656874303384257e+01 2.373664513695592859e+01 2.373654524172928859e+01
1.668749647474958010e+03 2.372843762969654335e+01 2.372850684819229627e+01 2.372841633579105292e+01
1.683517330401007030e+03 2.372107024471324621e+01 2.372113296174626385e+01 2.372105095087346172e+01
1.698285013327056049e+03 2.371439485363487165e+01 2.371445167986621527e+01 2.371437737200113816e+01
1.713052696253105069e+03 2.370834645978118260e+01 2.370839794851423221e+01 2.370833062013906556e+01
1.727820379179154088e+03 2.370286617138845031e+01 2.370291282395652388e+01 2.370285181951095410e+01
1.742588062105203107e+03 2.369790062821004994e+01 2.369794289885811622e+01 2.369788762435672425e+01
1.757355745031252127e+03 2.369340148194510220e+01 2.369343978225191449e+01 2.369338969950018736e+01
1.772123427957301146e+03 2.368932492548640312e+01 2.368935962837315401e+01 2.368931424972743116e+01
1.786891110883350166e+03 2.368563126637752703e+01 2.368566270973803967e+01 2.368562159335692741e+01
1.801658793809399185e+03 2.368228454035130426e+01 2.368231303034167468e+01 2.368227577588515942e+01
1.816426476735448205e+03 2.367925216114048226e+01 2.367927797516108512e+01 2.367924421989152961e+01
1.831194159661497224e+03 2.367650460319879357e+01 2.367652799259428775e+01 2.367649740784474943e+01
1.845961842587546244e+03 2.367401511421257965e+01 2.367403630672021109e+01 2.367400859469415764e+01
1.860729525513595263e+03 2.367175945462571462e+01 2.367177865659198233e+01 2.367175354746387939e+01
1.875497208439644282e+03 2.366971566162089857e+01 2.366973306001062838e+01 2.366971030929914832e+01
1.890264891365693302e+03 2.366786383527534099e+01 2.366787959949220976e+01 2.366785898567917457e+01
1.905032574291742321e+03 2.366618594480149795e+01 2.366620022833802750e+01 2.366618155071176943e+01
1.919800257217791341e+03 2.366466565298480873e+01 2.366467859491626768e+01 2.366466167161712519e+01
1.934567940143840360e+03 2.366328815710863864e+01 2.366329988344750745e+01 2.366328454969772110e+01
1.949335623069889380e+03 2.366204004482699474e+01 2.366205066974947613e+01 2.366203677624804413e+01
1.964103305995938399e+03 2.366090916357046581e+01 2.366091879052891045e+01 2.366090620199844352e+01
1.978870988921987419e+03 2.365988450222005213e+01 2.365989322495022407e+01 2.365988181881851915e+01
1.993638671848036438e+03 2.365895608389251947e+01 2.365896398732604666e+01 2.365895365253408045e+01
