8.639999999999999677e-04 2.365000000000003411e+01 2.365000000000003411e+01 2.365000000000003411e+01
8.640863999999767842e+00 2.365000000000003411e+01 2.365000000000003411e+01 2.365000000000003411e+01
1.728086399999952860e+01 2.574959705574184454e+01 2.380702267249921533e+01 2.366870593750689977e+01
2.592086399999928759e+01 2.624995380951423840e+01 2.411276206665985455e+01 2.381966177178372845e+01
3.456086399999905012e+01 2.662347236399074291e+01 2.441360564813743395e+01 2.405571094238706564e+01
4.320086399999880911e+01 2.693776460541943152e+01 2.469959898385474162e+01 2.431606283338595631e+01
5.184086399999856809e+01 2.721868772032320294e+01 2.496951803485188748e+01 2.457580975038064253e+01
6.048086399999832707e+01 2.747696029510075277e+01 2.522355924338035038e+01 2.482575413819540699e+01
6.912086400004019993e+01 2.771736431567114778e+01 2.546238218645555662e+01 2.506286891102917025e+01
7.776086400011101318e+01 2.794231999326075311e+01 2.568679116682534413e+01 2.528651243650284641e+01
8.640086400018182644e+01 2.815328848764033864e+01 2.589761407659085535e+01 2.549694531443151391e+01
9.504086400025263970e+01 2.835132385805928834e+01 2.609565695633955329e+01 2.569475081196640076e+01
1.036808640003234530e+02 2.853729135430194219e+01 2.628168806716524841e+01 2.588060951534151855e+01
1.123208640003942662e+02 2.871195477453153444e+01 2.645643341820886008e+01 2.605521274765857243e+01
1.209608640004650795e+02 2.887601238007363236e+01 2.662057667803696859e+01 2.621923028588713578e+01
1.296008640005358927e+02 2.903011253971459382e+01 2.677476070379259454e+01 2.637329926626995302e+01
1.382408640006067060e+02 2.917486133161656880e+01 2.691958960974210413e+01 2.651802130234489141e+01
1.468808640006775192e+02 2.931082690293925452e+01 2.705563095816700070e+01 2.665396273384578762e+01
1.555208640007483325e+02 2.943854247455965378e+01 2.718341791451962308e+01 2.678165601951047847e+01
1.641608640008191458e+02 2.955850873595807116e+01 2.730345130988490610e+01 2.690160149975167769e+01
1.728008640008899590e+02 2.967119592720001719e+01 2.741620159327504780e+01 2.701426923057181284e+01
1.814408640009607723e+02 2.977704572884931622e+01 2.752211067129309185e+01 2.712010077602997171e+01
1.900808640010315855e+02 2.987647301146279233e+01 2.762159363849337979e+01 2.721951091935613931e+01
1.987208640011023988e+02 2.996986746881549379e+01 2.771504040363311105e+01 2.731288928096620339e+01
2.073608640011732120e+02 3.005759514808403310e+01 2.780281721762156621e+01 2.740060184252678255e+01
2.160008640012440253e+02 3.013999988560817656e+01 2.788526810887299234e+01 2.748299238017511925e+01
2.246408640013148386e+02 3.021740465496316119e+01 2.796271623165858955e+01 2.756038381145958738e+01
2.332808640013856518e+02 3.029011283295648127e+01 2.803546513262625695e+01 2.763307946076474764e+01
2.419208640014564651e+02 3.035840938874599715e+01 2.810379994051135100e+01 2.770136424808703168e+01
2.505608640015272783e+02 3.042256200077235917e+01 2.816798848366624952e+01 2.776550580571966975e+01
2.592008640014927892e+02 3.048282210586893370e+01 2.822828233974632894e+01 2.782575552716110678e+01
2.678408640012793853e+02 3.053942588475814546e+01 2.828491782175422031e+01 2.788234955243308377e+01
2.764808640010659815e+02 3.059259518772500996e+01 2.833811690423044638e+01 2.793550969359137071e+01
2.851208640008525776e+02 3.064253840412590080e+01 2.838808809324706317e+01 2.798544430408350081e+01
2.937608640006391738e+02 3.068945127913173110e+01 2.843502724360939737e+01 2.803234909535058250e+01
3.024008640004257700e+02 3.073351768093567671e+01 2.847911832649350572e+01 2.807640790390263419e+01
3.110408640002123661e+02 3.077491032139357685e+01 2.852053415048902707e+01 2.811779341183449787e+01
3.196808639999989623e+02 3.081379143294623191e+01 2.855943703890108054e+01 2.815666782363274478e+01
3.283208639997855585e+02 3.085031340445505066e+01 2.859597946594209361e+01 2.819318350189956845e+01
3.369608639995721546e+02 3.088461937847523586e+01 2.863030465434025018e+01 2.822748356452490270e+01
3.456008639993587508e+02 3.091684381228628808e+01 2.866254713668251952e+01 2.825970244561915479e+01
3.542408639991453470e+02 3.094711300486869732e+01 2.869283328268852529e+01 2.828996642240019810e+01
3.628808639989319431e+02 3.097554559192491297e+01 2.872128179450669450e+01 2.831839411012754226e+01
3.715208639987185393e+02 3.100225301084827834e+01 2.874800417194546753e+01 2.834509692699242578e+01
3.801608639985051354e+02 3.102733993748410057e+01 2.877310514947765796e+01 2.837017953080282950e+01
3.888008639982917316e+02 3.105090469639446837e+01 2.879668310673611131e+01 2.839374022917854745e+01
3.974408639980783278e+02 3.107303964622042258e+01 2.881883045409045963e+01 2.841587136484582743e+01
4.060808639978649239e+02 3.109383154168392593e+01 2.883963399485321588e+01 2.843665967757738144e+01
4.147208639976515201e+02 3.111336187359421501e+01 2.885917526547581247e+01 2.845618664414081422e+01
4.233608639974381163e+02 3.113170718824744654e+01 2.887753085512690632e+01 2.847452879764199452e+01
4.320008639972247124e+02 3.114893938744137358e+01 2.889477270587531166e+01 2.849175802748908382e+01
4.406408639970113086e+02 3.116512601026977336e+01 2.891096839464336199e+01 2.850794186113807882e+01
4.492808639967979047e+02 3.118033049785032063e+01 2.892618139808092792e+01 2.852314372877481219e+01
4.579208639965845009e+02 3.119461244196628513e+01 2.894047134134808630e+01 2.853742321191367637e+01
4.665608639963710971e+02 3.120802781861578978e+01 2.895389423179437927e+01 2.855083627690771664e+01
4.752008639961576932e+02 3.122062920741922198e+01 2.896650267848929161e+01 2.856343549431710471e+01
4.838408639959442894e+02 3.123246599769265686e+01 2.897834609841180509e+01 2.857527024494766010e+01
4.924808639957308856e+02 3.124358458200839550e+01 2.898947091011740440e+01 2.858638691337705495e+01
5.011208639955174817e+02 3.125402853803990411e+01 2.899992071568760821e+01 2.859682906977013772e+01
5.097608639953040779e+02 3.126383879935474397e+01 2.900973647161578128e+01 2.860663764064099723e+01
5.184008639950907309e+02 3.127305381584841371e+01 2.901895664933323360e+01 2.861585106925963373e+01
5.270408639948773271e+02 3.128170970444057275e+01 2.902761738598832153e+01 2.862450546632214810e+01
5.356808639946639232e+02 3.128984039062345346e+01 2.903575262607409968e+01 2.863263475147505233e+01
5.443208639944505194e+02 3.129747774143999095e+01 2.904339425448216616e+01 2.864027078627009359e+01
5.529608639942371155e+02 3.130465169037677242e+01 2.905057222146444929e+01 2.864744349903605780e+01
5.616008639940237117e+02 3.131139035468385146e+01 2.905731466001924446e+01 2.865418100217789288e+01
5.702408639938103079e+02 3.131772014557577677e+01 2.906364799615369066e+01 2.866050970235914974e+01
5.788808639935969040e+02 3.132366587175175709e+01 2.906959705246185877e+01 2.866645440400395728e+01
5.875208639933835002e+02 3.132925083661979215e+01 2.907518514540385013e+01 2.867203840650523716e+01
5.961608639931700964e+02 3.133449692963552025e+01 2.908043417669540531e+01 2.867728359554649842e+01
6.048008639929566925e+02 3.133942471209672931e+01 2.908536471915033417e+01 2.868221052888259237e+01
6.134408639927432887e+02 3.134405349773231819e+01 2.908999609731506553e+01 2.868683851691417885e+01
6.220808639925298849e+02 3.134840142839442478e+01 2.909434646320249840e+01 2.869118569836751931e+01
6.307208639923164810e+02 3.135248554516323338e+01 2.909843286743779345e+01 2.869526911138638070e+01
6.393608639921030772e+02 3.135632185514128878e+01 2.910227132608844158e+01 2.869910476031503777e+01
6.480008639918896733e+02 3.135992539419032710e+01 2.910587688343787249e+01 2.870270767842436044e+01
6.566408639916762695e+02 3.136331028585556169e+01 2.910926367094185707e+01 2.870609198682581109e+01
6.652808639914628657e+02 3.136648979672918358e+01 2.911244496262241910e+01 2.870927094982556582e+01
6.739208639912494618e+02 3.136947638844372932e+01 2.911543322709246695e+01 2.871225702690895787e+01
6.825608639910360580e+02 3.137228176651103695e+01 2.911824017641936280e+01 2.871506192157085025e+01
6.912008639908226542e+02 3.137491692620034200e+01 2.912087681203126976e+01 2.871769662718560312e+01
6.998408639906092503e+02 3.137739219563678716e+01 2.912335346783737577e+01 2.872017147009876226e+01
7.084808639903958465e+02 3.137971727627927976e+01 2.912567985073030741e+01 2.872249615009775425e+01
7.171208639901824426e+02 3.138190128094441889e+01 2.912786507863108909e+01 2.872467977842865139e+01
7.257608639899690388e+02 3.138395276952019231e+01 2.912991771622193937e+01 2.872673091350446839e+01
7.344008639897556350e+02 3.138587978251484856e+01 2.913184580851407190e+01 2.872865759444806599e+01
7.430408639895422311e+02 3.138768987257793697e+01 2.913365691238789168e+01 2.873046737260756345e+01
7.516808639893288273e+02 3.138939013409890322e+01 2.913535812620551724e+01 2.873216734114981818e+01
7.603208639891154235e+02 3.139098723099476729e+01 2.913695611761670534e+01 2.873376416284366996e+01
7.689608639889020196e+02 3.139248742286906690e+01 2.913845714973120948e+01 2.873526409621399580e+01
7.776008639886886158e+02 3.139389658948886108e+01 2.913986710560851634e+01 2.873667302001507551e+01
7.862408639884752120e+02 3.139522025389715054e+01 2.914119151138623920e+01 2.873799645633744149e+01
7.948808639882618081e+02 3.139646360398245406e+01 2.914243555785736817e+01 2.873923959217631818e+01
8.035208639880484043e+02 3.139763151289542975e+01 2.914360412090246655e+01 2.874040729984238851e+01
8.121608639878350004e+02 3.139872855807470842e+01 2.914470178052420124e+01 2.874150415598558084e+01
8.208008639876215966e+02 3.139975903922254474e+01 2.914573283883220256e+01 2.874253445956742326e+01
8.294408639874081928e+02 3.140072699517838828e+01 2.914670133692942500e+01 2.874350224873091975e+01
8.380808639871947889e+02 3.140163621969219321e+01 2.914761107068915180e+01 2.874441131657272308e+01
8.467208639869813851e+02 3.140249027633234391e+01 2.914846560567650613e+01 2.874526522604702450e+01
8.553608639867679813e+02 3.140329251246407694e+01 2.914926829113130680e+01 2.874606732394227038e+01
8.640008639865545774e+02 3.140404607232972012e+01 2.915002227305728866e+01 2.874682075395912761e+01
8.726408639863411736e+02 3.140475390939286626e+01 2.915073050657150588e+01 2.874752846905209935e+01
8.812808639861277697e+02 3.140541879791959445e+01 2.915139576749459138e+01 2.874819324300943890e+01
8.899208639859143659e+02 3.140604334384954655e+01 2.915202066322552810e+01 2.874881768132127036e+01
8.985608639857009621e+02 3.140662999499818397e+01 2.915260764295072704e+01 2.874940423138195911e+01
9.072008639854875582e+02 3.140718105065110421e+01 2.915315900724334597e+01 2.874995519208039241e+01
9.158408639852741544e+02 3.140769867059776743e+01 2.915367691710275722e+01 2.875047272283393340e+01
9.244808639850607506e+02 3.140818488357223259e+01 2.915416340239994497e+01 2.875095885202711088e+01
9.331208639848473467e+02 3.140864159522061527e+01 2.915462036984706629e+01 2.875141548497776967e+01
9.417608639846339429e+02 3.140907059555598835e+01 2.915504961046030985e+01 2.875184441139037972e+01
9.504008639844205391e+02 3.140947356598155693e+01 2.915545280658506044e+01 2.875224731237875631e+01
9.590408639842071352e+02 3.140985208587090938e+01 2.915583153847882159e+01 2.875262576704352568e+01
9.676808639839937314e+02 3.141020763878913158e+01 2.915618729053841207e+01 2.875298125869522892e+01
9.763208639837803275e+02 3.141054161827173630e+01 2.915652145707900900e+01 2.875331518062864689e+01
9.849608639835669237e+02 3.141085533330237922e+01 2.915683534781760500e+01 2.875362884160159638e+01
9.936008639833535199e+02 3.141115001344815028e+01 2.915713019301057329e+01 2.875392347097005086e+01
1.002240863983140116e+03 3.141142681366017086e+01 2.915740714825494706e+01 2.875420022348578186e+01
1.010880863982926712e+03 3.141168681881657676e+01 2.915766729903702981e+01 2.875446018383962610e+01
1.019520863982713308e+03 3.141193104797059732e+01 2.915791166498183884e+01 2.875470437090933729e+01
1.028160863983047420e+03 2.989637830527044571e+01 2.915604892470548748e+01 2.875493366794779604e+01
1.036800863983970885e+03 2.914604043889198692e+01 2.891375823814479418e+01 2.870673448019260832e+01
1.045440863984894349e+03 2.869487748625209633e+01 2.860671318696461185e+01 2.852197227421180514e+01
1.054080863985817814e+03 2.834309461513061024e+01 2.831008526070189646e+01 2.827483019079096493e+01
1.062720863986741278e+03 2.804044039828153245e+01 2.802892777131830826e+01 2.801323603811596286e+01
1.071360863987664743e+03 2.776703051781208842e+01 2.776385851416489459e+01 2.775595156897787774e+01
1.080000863988588208e+03 2.751447561097359085e+01 2.751449231198972711e+01 2.750974407886144490e+01
1.088640863989511672e+03 2.727891709312592639e+01 2.728010753027979263e+01 2.727669775000254049e+01
1.097280863990435137e+03 2.705830698046429461e+01 2.705988577648940918e+01 2.705709470294152652e+01
1.105920863991358601e+03 2.685133963942382707e+01 2.685300322633361247e+01 2.685054296578164212e+01
1.114560863992282066e+03 2.665703099282535504e+01 2.665866444337819985e+01 2.665641676632691315e+01
1.123200863993205530e+03 2.647455168694375516e+01 2.647611378674810112e+01 2.647402730959333894e+01
1.131840863994128995e+03 2.630315994222598874e+01 2.630463814449461779e+01 2.630268799734193408e+01
1.140480863995052459e+03 2.614217359291097864e+01 2.614356637151848872e+01 2.614173836644096127e+01
1.149120863995975924e+03 2.599095759070149825e+01 2.599226753456292727e+01 2.599055194098315269e+01
1.157760863996899388e+03 2.584891766455905326e+01 2.585014878259954685e+01 2.584853787044511364e+01
1.166400863997822853e+03 2.571549648157900947e+01 2.571665315782291827e+01 2.571514021890897084e+01
1.175040863998746318e+03 2.559017087058145989e+01 2.559125746548363622e+01 2.558983641541317411e+01
1.183680863999669782e+03 2.547244953950843183e+01 2.547347024400261262e+01 2.547213545254032852e+01
1.192320864000593247e+03 2.536187105886403970e+01 2.536282984686351938e+01 2.536157605871494525e+01
1.200960864001516711e+03 2.525800201752542762e+01 2.525890263643537992e+01 2.525772492823932680e+01
1.209600864002440176e+03 2.516043531007090905e+01 2.516128128564884037e+01 2.516017503789453258e+01
1.218240864003363640e+03 2.506878853569065768e+01 2.506958318201236580e+01 2.506854405748958925e+01
1.226880864004287105e+03 2.498270249728341241e+01 2.498344892822149177e+01 2.498247285367091308e+01
1.235520864005210569e+03 2.490183979278839388e+01 2.490254093362386811e+01 2.490162408324306398e+01
1.244160864006134034e+03 2.482588349244781512e+01 2.482654209110336296e+01 2.482568087134444568e+01
1.252800864007057498e+03 2.475453589653881181e+01 2.475515453425873602e+01 2.475434556966183663e+01
1.261440864007980963e+03 2.468751736850782663e+01 2.468809846993775636e+01 2.468733858987030771e+01
1.270080864008904427e+03 2.462456523896565841e+01 2.462511108164216012e+01 2.462439730786002201e+01
1.278720864009827892e+03 2.456543277619596211e+01 2.456594549946782990e+01 2.456527503443612659e+01
1.287360864010751357e+03 2.450988821910550541e+01 2.451036983251600532e+01 2.450974004844380261e+01
1.296000864011674821e+03 2.445771386887190602e+01 2.445816626003488636e+01 2.445757468857453887e+01
1.304640864012598286e+03 2.440870523571805961e+01 2.440913017771441673e+01 2.440857450028795483e+01
1.313280864013521750e+03 2.436267023743363325e+01 2.436306939576184050e+01 2.436254743447193505e+01
1.321920864014445215e+03 2.431942844653571001e+01 2.431980338563886335e+01 2.431931309473407055e+01
1.330560864015368679e+03 2.427881038310920303e+01 2.427916257250643639e+01 2.427870203036303565e+01
1.339200864016292144e+03 2.424065685055529684e+01 2.424098767060155524e+01 2.424055507219179617e+01
1.347840864017215608e+03 2.420481831165602671e+01 2.420512905895276390e+01 2.420472270876945231e+01
1.356480864018139073e+03 2.417115430246951746e+01 2.417144619494547442e+01 2.417106450035845455e+01
1.365120864019062537e+03 2.413953288180374557e+01 2.413980706348883132e+01 2.413944852850193001e+01
1.373760864019986002e+03 2.410983011409916799e+01 2.411008765960906430e+01 2.410975087899583968e+01
1.382400864020909466e+03 2.408192958367681058e+01 2.408217150242336402e+01 2.408185515622164985e+01
1.391040864021832931e+03 2.405572193845563334e+01 2.405594917860418036e+01 2.405565202694117488e+01
1.399680864022756396e+03 2.403110446138748557e+01 2.403131791357276370e+01 2.403103879180559943e+01
1.408320864023679860e+03 2.400798066784716411e+01 2.400818116866423679e+01 2.400791898281539716e+01
1.416960864024603325e+03 2.398625992749362013e+01 2.398644826277620723e+01 2.398620198524656644e+01
1.425600864025526789e+03 2.396585710903679001e+01 2.396603401693766955e+01 2.396580268247834056e+01
1.434240864026450254e+03 2.394669224660088958e+01 2.394685842048482982e+01 2.394664112241360954e+01
1.442880864027373718e+03 2.392869022629110987e+01 2.392884631745215529e+01 2.392864220410172038e+01
1.451520864028297183e+03 2.391178049180547305e+01 2.391192711202029386e+01 2.391173538339762672e+01
1.460160864029220647e+03 2.389589676790154726e+01 2.389603449182732220e+01 2.389585439647964904e+01
1.468800864030144112e+03 2.388097680062861627e+01 2.388110616805380459e+01 2.388093700012376530e+01
1.477440864031067576e+03 2.386696211334310647e+01 2.386708363130446742e+01 2.386692472776343266e+01
1.486080864031991041e+03 2.385379777751853680e+01 2.385391192228837554e+01 2.385376266033620141e+01
1.494720864032914506e+03 2.384143219745249098e+01 2.384153941640443009e+01 2.384139921103121651e+01
1.503360864033837970e+03 2.382981690804837172e+01 2.382991762141148229e+01 2.382978592310234944e+01
1.512000864034761435e+03 2.381890638487516298e+01 2.381900098738117322e+01 2.381887727996337389e+01
1.520640864035684899e+03 2.380865786572366005e+01 2.380874672815258464e+01 2.380863052677386804e+01
1.529280864036608364e+03 2.379903118301143650e+01 2.379911465364745027e+01 2.379900550287266014e+01
1.537920864037531828e+03 2.378998860635249457e+01 2.379006701234629872e+01 2.378996448437499112e+01
1.546560864038455293e+03 2.378149469468280586e+01 2.378156834333515235e+01 2.378147203632391893e+01
1.555200864039378757e+03 2.377351615735312862e+01 2.377358533731950274e+01 2.377349487380683968e+01
1.563840864040302222e+03 2.376602172364630405e+01 2.376608670606680107e+01 2.376600173149506645e+01
1.572480864041225686e+03 2.375898202021869565e+01 2.375904305978349385e+01 2.375896324110578917e+01
1.581120864042149151e+03 2.375236945597595195e+01 2.375242679192007245e+01 2.375235181629943781e+01
1.589760864043072615e+03 2.374615811393255171e+01 2.374621197097621916e+01 2.374614154455656490e+01
1.598400864043996080e+03 2.374032364963426289e+01 2.374037423886227316e+01 2.374030808561730055e+01
1.607040864044919545e+03 2.373484319574890833e+01 2.373489071543826867e+01 2.373482857609008079e+01
1.615680864045843009e+03 2.372969527243577659e+01 2.372973990883286888e+01 2.372968153983555339e+01
1.624320864046766474e+03 2.372485970315585746e+01 2.372490163120664874e+01 2.372484680379125166e+01
1.632960864047689938e+03 2.372031753560077050e+01 2.372035691963640147e+01 2.372030541891462008e+01
1.641600864048613403e+03 2.371605096740438512e+01 2.371608796178435341e+01 2.371603958590702632e+01
1.650240864049536867e+03 2.371204327637224196e+01 2.371207802609114879e+01 2.371203258545557446e+01
1.658880864050460332e+03 2.370827875494114778e+01 2.370831139619502892e+01 2.370826871270389802e+01
1.667520864051383796e+03 2.370474264861911706e+01 2.370477330934124893e+01 2.370473321570199232e+01
1.676160864052307261e+03 2.370142109815060394e+01 2.370144989851098671e+01 2.370141223758253091e+01
1.684800864053230725e+03 2.369830108519920486e+01 2.369832813807647653e+01 2.369829276225260628e+01
1.693440864054154190e+03 2.369537038132557427e+01 2.369539579274993457e+01 2.369536256337983104e+01
1.702080864055077654e+03 2.369261750006444345e+01 2.369264136963175815e+01 2.369261015647828117e+01
1.710720864056001119e+03 2.369003165189803894e+01 2.369005407316171841e+01 2.369002475388936091e+01
1.719360864056924584e+03 2.368760270197083173e+01 2.368762376280795934e+01 2.368759622250382790e+01
1.728000864057848048e+03 2.368532113036843612e+01 2.368534091332344360e+01 2.368531504404791121e+01
1.736640864058771513e+03 2.368317799480274743e+01 2.368319657741227502e+01 2.368317227777424705e+01
1.745280864059694977e+03 2.368116489556274473e+01 2.368118235065827548e+01 2.368115952541921843e+01
1.753920864060618442e+03 2.367927394260016172e+01 2.367929033859502397e+01 2.367926889829408310e+01
1.762560864061541906e+03 2.367749772460302893e+01 2.367751312575853717e+01 2.367749298636385902e+01
1.771200864062465371e+03 2.367582927993498743e+01 2.367584374661362290e+01 2.367582482919198128e+01
1.779840864063388835e+03 2.367426206937966526e+01 2.367427565828194247e+01 2.367425788868877135e+01
1.788480864064312300e+03 2.367278995047280432e+01 2.367280271485822141e+01 2.367278602344850924e+01
1.797120864065235764e+03 2.367140715346948809e+01 2.367141914336633590e+01 2.367140346472029933e+01
1.805760864066159229e+03 2.367010825868322854e+01 2.367011952108441619e+01 2.367010479375159093e+01
1.814400864067082694e+03 2.366888817530497136e+01 2.366889875435140311e+01 2.366888492061070792e+01
1.823040864068006158e+03 2.366774212137067934e+01 2.366775205852604813e+01 2.366773906415733109e+01
1.831680864068929623e+03 2.366666560511134776e+01 2.366667493932197885e+01 2.366666273339671989e+01
1.840320864069853087e+03 2.366565440726907354e+01 2.366566317511961870e+01 2.366565170979771437e+01
1.848960864070776552e+03 2.366470456459086336e+01 2.366471280044584091e+01 2.366470203079052226e+01
1.857600864071700016e+03 2.366381235432169206e+01 2.366382009045992163e+01 2.366380997426153954e+01
1.866240864072623481e+03 2.366297427957147193e+01 2.366298154631374473e+01 2.366297204392327558e+01
1.874880864073546945e+03 2.366218705561550451e+01 2.366219388144276081e+01 2.366218495561702184e+01
1.883520864074470410e+03 2.366144759705554179e+01 2.366145400872022719e+01 2.366144562447607314e+01
1.892160864075393874e+03 2.366075300568996909e+01 2.366075902832238853e+01 2.366075115279818419e+01
1.900800864076317339e+03 2.366010055916439114e+01 2.366010621636934275e+01 2.366009881869803166e+01
1.909440864077240803e+03 2.365948770030922788e+01 2.365949301425865769e+01 2.365948606544719723e+01
1.918080864078164268e+03 2.365891202711742380e+01 2.365891701863967000e+01 2.365891049145164970e+01
1.926720864079087733e+03 2.365837128332202610e+01 2.365837597197969444e+01 2.365836984083404104e+01
1.935360864080011197e+03 2.365786334955441816e+01 2.365786775372464490e+01 2.365786199459046202e+01
1.944000864080934662e+03 2.365738623504012139e+01 2.365739037198420647e+01 2.365738496228942722e+01
1.952640864081858126e+03 2.365693806979959390e+01 2.365694195573132674e+01 2.365693687427415171e+01
1.961280864082781591e+03 2.365651709731054098e+01 2.365652074746066091e+01 2.365651597432440667e+01
1.969920864083705055e+03 2.365612166763963842e+01 2.365612509631455396e+01 2.365612061279148293e+01
1.978560864084628520e+03 2.365575023096380392e+01 2.365575345160107190e+01 2.365574924011929170e+01
1.987200864085551984e+03 2.365540133147828783e+01 2.365540435670095576e+01 2.365540040075410388e+01
1.995840864086475449e+03 2.365507360172688323e+01 2.365507644339231774e+01 2.365507272747498746e+01
