8.639999999999999677e-04 2.365000000000003411e+01 2.365000000000003411e+01 2.365000000000003411e+01
8.640863999999767842e+00 2.365000000000003411e+01 2.365000000000003411e+01 2.365000000000003411e+01
1.728086399999952860e+01 2.589956827400936845e+01 2.381823857767773234e+01 2.367004207590019860e+01
2.592086399999928759e+01 2.643566479590839435e+01 2.414581649999280444e+01 2.383178046976837550e+01
3.456086399999905012e+01 2.683586324713314752e+01 2.446814890871877424e+01 2.408469029541470263e+01
4.320086399999880911e+01 2.717260493437822788e+01 2.477457033984427426e+01 2.436363875005650925e+01
5.184086399999856809e+01 2.747359398606079139e+01 2.506376932305556693e+01 2.464193901826479305e+01
6.048086399999832707e+01 2.775031460189376276e+01 2.533595633219317733e+01 2.490973657663789709e+01
6.912086400004019993e+01 2.800789033821922658e+01 2.559183805691662883e+01 2.516378811895981471e+01
7.776086400011101318e+01 2.824891427849394177e+01 2.583227625016985485e+01 2.540340618196722744e+01
8.640086400018182644e+01 2.847495195104363575e+01 2.605815793920442047e+01 2.562886997974800352e+01
9.504086400025263970e+01 2.868713270506395929e+01 2.627034673893535910e+01 2.584080444139254951e+01
1.036808640003234530e+02 2.888638359389545940e+01 2.646966578624864042e+01 2.603993876643744443e+01
1.123208640003942662e+02 2.907352297271290809e+01 2.665689294808112209e+01 2.622701365820574892e+01
1.209608640004650795e+02 2.924929897865087014e+01 2.683276072646879129e+01 2.640274673488005419e+01
1.296008640005358927e+02 2.941440629255180284e+01 2.699795789692132075e+01 2.656782064243446939e+01
1.382408640006067060e+02 2.956949428387599710e+01 2.715313172472440328e+01 2.672287996679870048e+01
1.468808640006775192e+02 2.971517168172243828e+01 2.729889031232380603e+01 2.686853150055100059e+01
1.555208640007483325e+02 2.985200979417112421e+01 2.743580490841355868e+01 2.700534573518956449e+01
1.641608640008191458e+02 2.998054507424268422e+01 2.756441211773557143e+01 2.713385874973556611e+01
1.728008640008899590e+02 3.010128135057146892e+01 2.768521599279432621e+01 2.725457417561244711e+01
1.814408640009607723e+02 3.021469185234036559e+01 2.779869000495835962e+01 2.736796511717636804e+01
1.900808640010315855e+02 3.032122108371078184e+01 2.790527889838608644e+01 2.747447598502486699e+01
1.987208640011023988e+02 3.042128657373325495e+01 2.800540043246621735e+01 2.757452422960875538e+01
2.073608640011732120e+02 3.051528051580379497e+01 2.809944701887951624e+01 2.766850197413492651e+01
2.160008640012440253e+02 3.060357130601164499e+01 2.818778725950949138e+01 2.775677755019023607e+01
2.246408640013148386e+02 3.068650498746035282e+01 2.827076739106246350e+01 2.783969694084919411e+01
2.332808640013856518e+02 3.076440660673932825e+01 2.834871264209976971e+01 2.791758513653377349e+01
2.419208640014564651e+02 3.083758148794606768e+01 2.842192850769441748e+01 2.799074740866831235e+01
2.505608640015272783e+02 3.090631642939814583e+01 2.849070194678409962e+01 2.805947050612707017e+01
2.592008640014927892e+02 3.097088082771671225e+01 2.855530250687070293e+01 2.812402377910080986e+01
2.678408640012793853e+02 3.103152773367207828e+01 2.861598338045331502e+01 2.818466023475201609e+01
2.764808640010659815e+02 3.108849484399377161e+01 2.867298239739221799e+01 2.824161752885026999e+01
2.851208640008525776e+02 3.114200543299097035e+01 2.872652295704904191e+01 2.829511889723096374e+01
2.937608640006391738e+02 3.119226922764170240e+01 2.877681490386771657e+01 2.834537403073306905e+01
3.024008640004257700e+02 3.123948322957619439e+01 2.882405534981666051e+01 2.839257989704037755e+01
3.110408640002123661e+02 3.128383248721092968e+01 2.886842944695592905e+01 2.843692151268311363e+01
3.196808639999989623e+02 3.132549082101371596e+01 2.891011111310774595e+01 2.847857266817760546e+01
3.283208639997855585e+02 3.136462150477206023e+01 2.894926371350811678e+01 2.851769660917642568e+01
3.369608639995721546e+02 3.140137790550937780e+01 2.898604070107876396e+01 2.855444667627665467e+01
3.456008639993587508e+02 3.143590408459306218e+01 2.902058621787466564e+01 2.858896690602102808e+01
3.542408639991453470e+02 3.146833536236272266e+01 2.905303566002646676e+01 2.862139259543181424e+01
3.628808639989319431e+02 3.149879884849428890e+01 2.908351620840323903e+01 2.865185083228260510e+01
3.715208639987185393e+02 3.152741394019631116e+01 2.911214732708589281e+01 2.868046099320747544e+01
3.801608639985051354e+02 3.155429279016078681e+01 2.913904123158221182e+01 2.870733521157342238e+01
3.888008639982917316e+02 3.157954074613383000e+01 2.916430332864234742e+01 2.873257881697344374e+01
3.974408639980783278e+02 3.160325676380756477e+01 2.918803262938240550e+01 2.875629074804879792e+01
4.060808639978649239e+02 3.162553379466118031e+01 2.921032213734230254e+01 2.877856394026099451e+01
4.147208639976515201e+02 3.164645915028017953e+01 2.923125921301038943e+01 2.879948569015135718e+01
4.233608639974381163e+02 3.166611484455410164e+01 2.925092591621023530e+01 2.881913799747655958e+01
4.320008639972247124e+02 3.168457791511616506e+01 2.926939932772381781e+01 2.883759788659563128e+01
4.406408639970113086e+02 3.170192072529317784e+01 2.928675185140764370e+01 2.885493770836615113e+01
4.492808639967979047e+02 3.171821124770281131e+01 2.930305149794975250e+01 2.887122542369286293e+01
4.579208639965845009e+02 3.173351333067904534e+01 2.931836215144500102e+01 2.888652486990804391e+01
4.665608639963710971e+02 3.174788694851918081e+01 2.933274381978168321e+01 2.890089601097457717e+01
4.752008639961576932e+02 3.176138843652279320e+01 2.934625286981219006e+01 2.891439517248471702e+01
4.838408639959442894e+02 3.177407071180965659e+01 2.935894224829416999e+01 2.892707526243958682e+01
4.924808639957308856e+02 3.178598348071943747e+01 2.937086168940760444e+01 2.893898597861425515e+01
5.011208639955174817e+02 3.179717343361323856e+01 2.938205790966429731e+01 2.895017400332392299e+01
5.097608639953040779e+02 3.180768442788132688e+01 2.939257479101820536e+01 2.896068318640215011e+01
5.184008639950907309e+02 3.181755765983825768e+01 2.940245355285759388e+01 2.897055471706426033e+01
5.270408639948773271e+02 3.182683182618308138e+01 2.941173291355528363e+01 2.897982728534157104e+01
5.356808639946639232e+02 3.183554327566633901e+01 2.942044924222028612e+01 2.898853723372121749e+01
5.443208639944505194e+02 3.184372615154325104e+01 2.942863670123119846e+01 2.899671869957541048e+01
5.529608639942371155e+02 3.185141252540546475e+01 2.943632738014213146e+01 2.900440374896874118e+01
5.616008639940237117e+02 3.185863252287788328e+01 2.944355142145116133e+01 2.901162250233545592e+01
5.702408639938103079e+02 3.186541444169228043e+01 2.945033713873959869e+01 2.901840325253130004e+01
5.788808639935969040e+02 3.187178486259296051e+01 2.945671112763915289e+01 2.902477257571990776e+01
5.875208639933835002e+02 3.187776875352091110e+01 2.946269837007491788e+01 2.903075543554069782e+01
5.961608639931700964e+02 3.188338956746656550e+01 2.946832233217315888e+01 2.903637528094213849e+01
6.048008639929566925e+02 3.188866933439101103e+01 2.947360505623396421e+01 2.904165413808965468e+01
6.134408639927432887e+02 3.189362874757193822e+01 2.947856724712448795e+01 2.904661269669486501e+01
6.220808639925298849e+02 3.189828724471078658e+01 2.948322835343373072e+01 2.905127039111022214e+01
6.307208639923164810e+02 3.190266308410673446e+01 2.948760664368643347e+01 2.905564547648856433e+01
6.393608639921030772e+02 3.190677341622898666e+01 2.949171927795805459e+01 2.905975510034352283e+01
6.480008639918896733e+02 3.191063435092297595e+01 2.949558237511672587e+01 2.906361536974492310e+01
6.566408639916762695e+02 3.191426102056493619e+01 2.949921107601420545e+01 2.906724141446142085e+01
6.652808639914628657e+02 3.191766763935879681e+01 2.950261960281568463e+01 2.907064744624750574e+01
6.739208639912494618e+02 3.192086755905080508e+01 2.950582131474544667e+01 2.907384681454891506e+01
6.825608639910360580e+02 3.192387332126338606e+01 2.950882876045073999e+01 2.907685205882700075e+01
6.912008639908226542e+02 3.192669670664497517e+01 2.951165372717764512e+01 2.907967495769992183e+01
6.998408639906092503e+02 3.192934878104125573e+01 2.951430728697005179e+01 2.908232657510723129e+01
7.084808639903958465e+02 3.193183993887174665e+01 2.951679984006909763e+01 2.908481730367680029e+01
7.171208639901824426e+02 3.193417994386982173e+01 2.951914115567677754e+01 2.908715690545966481e+01
7.257608639899690388e+02 3.193637796734412859e+01 2.952134041023850841e+01 2.908935455018394123e+01
7.344008639897556350e+02 3.193844262412625312e+01 2.952340622341102971e+01 2.909141885119714743e+01
7.430408639895422311e+02 3.194038200633673341e+01 2.952534669184694849e+01 2.909335789922533877e+01
7.516808639893288273e+02 3.194220371510630230e+01 2.952716942093468333e+01 2.909517929408917780e+01
7.603208639891154235e+02 3.194391489035854192e+01 2.952888155459623931e+01 2.909689017448209825e+01
7.689608639889020196e+02 3.194552223878707764e+01 2.953048980328190964e+01 2.909849724594238296e+01
7.776008639886886158e+02 3.194703206017555885e+01 2.953200047030406949e+01 2.910000680716763100e+01
7.862408639884752120e+02 3.194845027203086829e+01 2.953341947648289079e+01 2.910142477464552258e+01
7.948808639882618081e+02 3.194978243284862174e+01 2.953475238342878129e+01 2.910275670591329344e+01
8.035208639880484043e+02 3.195103376381842963e+01 2.953600441525441056e+01 2.910400782126134800e+01
8.121608639878350004e+02 3.195220916936682443e+01 2.953718047913395139e+01 2.910518302427129811e+01
8.208008639876215966e+02 3.195331325632167818e+01 2.953828518447511442e+01 2.910628692097657222e+01
8.294408639874081928e+02 3.195435035197795060e+01 2.953932286099632165e+01 2.910732383792691280e+01
8.380808639871947889e+02 3.195532452110194299e+01 2.954029757574147652e+01 2.910829783918779867e+01
8.467208639869813851e+02 3.195623958179675128e+01 2.954121314895098749e+01 2.910921274220510213e+01
8.553608639867679813e+02 3.195709912050227786e+01 2.954207316907405811e+01 2.911007213280015549e+01
8.640008639865545774e+02 3.195790650607034422e+01 2.954288100684954088e+01 2.911087937924475000e+01
8.726408639863411736e+02 3.195866490292837625e+01 2.954363982847684156e+01 2.911163764542015997e+01
8.812808639861277697e+02 3.195937728349474583e+01 2.954435260803927576e+01 2.911234990323362126e+01
8.899208639859143659e+02 3.196004643984389304e+01 2.954502213917510289e+01 2.911301894427793968e+01
8.985608639857009621e+02 3.196067499464317052e+01 2.954565104602068004e+01 2.911364739076827846e+01
9.072008639854875582e+02 3.196126541142081123e+01 2.954624179348394364e+01 2.911423770580893233e+01
9.158408639852741544e+02 3.196182000421981684e+01 2.954679669690381161e+01 2.911479220304391902e+01
9.244808639850607506e+02 3.196234094669404158e+01 2.954731793115155369e+01 2.911531305575249462e+01
9.331208639848473467e+02 3.196283028059826847e+01 2.954780753912655200e+01 2.911580230533763824e+01
9.417608639846339429e+02 3.196328992381262424e+01 2.954826743978162540e+01 2.911626186934915950e+01
9.504008639844205391e+02 3.196372167783812301e+01 2.954869943562732715e+01 2.911669354897742323e+01
9.590408639842071352e+02 3.196412723487270569e+01 2.954910521980974636e+01 2.911709903612904782e+01
9.676808639839937314e+02 3.196450818442707487e+01 2.954948638272935568e+01 2.911747992004063690e+01
9.763208639837803275e+02 3.196486601958758911e+01 2.954984441830947617e+01 2.911783769354093465e+01
9.849608639835669237e+02 3.196520214283589212e+01 2.955018072981653177e+01 2.911817375887073922e+01
9.936008639833535199e+02 3.196551787155772217e+01 2.955049663537420201e+01 2.911848943318801730e+01
1.002240863983140116e+03 3.196581444321185472e+01 2.955079337313486576e+01 2.911878595373889311e+01
1.010880863982926712e+03 3.196609302016423726e+01 2.955107210611481605e+01 2.911906448268860004e+01
1.019520863982713308e+03 3.196635469425581277e+01 2.955133392676680160e+01 2.911932611169027041e+01
1.028160863983047420e+03 3.034254818421771915e+01 2.954933813361253669e+01 2.911957178708627225e+01
1.036800863983970885e+03 2.953861475595516595e+01 2.928974096944045868e+01 2.906792980020588857e+01
1.045440863984894349e+03 2.905522587812663460e+01 2.896076412889004814e+01 2.886997029379779178e+01
1.054080863985817814e+03 2.867831565906794822e+01 2.864294849360868511e+01 2.860517520441840134e+01
1.062720863986741278e+03 2.835404328387261330e+01 2.834170832641189008e+01 2.832489575512380497e+01
1.071360863987664743e+03 2.806110412622706463e+01 2.805770555089048912e+01 2.804923382390427378e+01
1.080000863988588208e+03 2.779050958318572384e+01 2.779052747713132021e+01 2.778544008449409830e+01
1.088640863989511672e+03 2.753812545692017011e+01 2.753940092529944650e+01 2.753574758928806432e+01
1.097280863990435137e+03 2.730175747906849892e+01 2.730344904623825641e+01 2.730045861029418575e+01
1.105920863991358601e+03 2.708000675652505151e+01 2.708178917107136385e+01 2.707915317762279983e+01
1.114560863992282066e+03 2.687181892088386803e+01 2.687356904647606370e+01 2.687116082106416570e+01
1.123200863993205530e+03 2.667630537886765296e+01 2.667797905722977703e+01 2.667574354599264552e+01
1.131840863994128995e+03 2.649267136667020850e+01 2.649425515481550519e+01 2.649216571143756482e+01
1.140480863995052459e+03 2.632018599240421963e+01 2.632167825519780990e+01 2.631971967832834025e+01
1.149120863995975924e+03 2.615816884718032043e+01 2.615957235845843343e+01 2.615773422247957569e+01
1.157760863996899388e+03 2.600598321202693342e+01 2.600730226707059956e+01 2.600557628976235947e+01
1.166400863997822853e+03 2.586303194454728782e+01 2.586427124052283943e+01 2.586265023454370748e+01
1.175040863998746318e+03 2.572875450419388699e+01 2.572991871301769606e+01 2.572839615937044755e+01
1.183680863999669782e+03 2.560262450661548428e+01 2.560371811857339708e+01 2.560228798486377855e+01
1.192320864000593247e+03 2.548414756306704021e+01 2.548517483592343069e+01 2.548383149147866789e+01
1.200960864001516711e+03 2.537285930449195348e+01 2.537382425332401681e+01 2.537256242311377719e+01
1.209600864002440176e+03 2.526832354650326806e+01 2.526922994890821883e+01 2.526804468345727628e+01
1.218240864003363640e+03 2.517013057395394071e+01 2.517098198072739024e+01 2.516986863302440725e+01
1.226880864004287105e+03 2.507789553280366590e+01 2.507869528023724115e+01 2.507764948607598399e+01
1.235520864005210569e+03 2.499125692084243155e+01 2.499200814316617425e+01 2.499102580347221192e+01
1.244160864006134034e+03 2.490987517048142763e+01 2.491058081189817131e+01 2.490965807644187180e+01
1.252800864007057498e+03 2.483343131771829349e+01 2.483409414384692582e+01 2.483322739606444429e+01
1.261440864007980963e+03 2.476162575197002980e+01 2.476224836064488954e+01 2.476143420342992840e+01
1.270080864008904427e+03 2.469417704175066319e+01 2.469476187319025939e+01 2.469399711556644661e+01
1.278720864009827892e+03 2.463082083163749303e+01 2.463137017800033846e+01 2.463065182260930897e+01
1.287360864010751357e+03 2.457130880618115043e+01 2.457182482054969341e+01 2.457115005190098600e+01
1.296000864011674821e+03 2.451540771664883778e+01 2.451589242146650349e+01 2.451525859490180892e+01
1.304640864012598286e+03 2.446289846684271652e+01 2.446335376183901644e+01 2.446275839316763268e+01
1.313280864013521750e+03 2.441357525439298115e+01 2.441400292403068306e+01 2.441344367979121444e+01
1.321920864014445215e+03 2.436724476414281071e+01 2.436764648461064553e+01 2.436712117292688617e+01
1.330560864015368679e+03 2.432372541047141112e+01 2.432410275625426266e+01 2.432360931824325689e+01
1.339200864016292144e+03 2.428284662559718754e+01 2.428320107564684349e+01 2.428273757735036043e+01
1.347840864017215608e+03 2.424444819106167870e+01 2.424478113459383621e+01 2.424434575939750403e+01
1.356480864018139073e+03 2.420837960978832371e+01 2.420869235172682465e+01 2.420828339324077660e+01
1.365120864019062537e+03 2.417449951621784976e+01 2.417479328230928104e+01 2.417440913768018618e+01
1.373760864019986002e+03 2.414267512224688517e+01 2.414295106386447287e+01 2.414259022749325823e+01
1.382400864020909466e+03 2.411278169679189887e+01 2.411304089544921680e+01 2.411270195309003839e+01
1.391040864021832931e+03 2.408470207691806309e+01 2.408494554850602754e+01 2.408462717172392331e+01
1.399680864022756396e+03 2.405832620863066040e+01 2.405855490740088953e+01 2.405825584836458120e+01
1.408320864023679860e+03 2.403355071555427003e+01 2.403376553785813030e+01 2.403348462444881761e+01
1.416960864024603325e+03 2.401027849374224843e+01 2.401048028154502845e+01 2.401021641276332730e+01
1.425600864025526789e+03 2.398841833111248434e+01 2.398860787529184790e+01 2.398836001694240849e+01
1.434240864026450254e+03 2.396788454992827155e+01 2.396806259337529355e+01 2.396782977401363723e+01
1.442880864027373718e+03 2.394859667102451795e+01 2.394876391155406736e+01 2.394854521867858921e+01
1.451520864028297183e+03 2.393047909836252529e+01 2.393063619144993481e+01 2.393043076792559987e+01
1.460160864029220647e+03 2.391346082274765195e+01 2.391360838409633516e+01 2.391341542479563032e+01
1.468800864030144112e+03 2.389747514352768576e+01 2.389761375148327716e+01 2.389743250012969611e+01
1.477440864031067576e+03 2.388245940715279403e+01 2.388258960496870031e+01 2.388241935117434878e+01
1.486080864031991041e+03 2.386835476162542591e+01 2.386847705959337418e+01 2.386831713607301708e+01
1.494720864032914506e+03 2.385510592584222422e+01 2.385522080329070604e+01 2.385507058324770924e+01
1.503360864033837970e+03 2.384266097291526876e+01 2.384276888008986361e+01 2.384262777475873918e+01
1.512000864034761435e+03 2.383097112665598161e+01 2.383107248648349241e+01 2.383093994282211270e+01
1.520640864035684899e+03 2.381999057041952028e+01 2.382008578016484535e+01 2.381996127868779922e+01
1.529280864036608364e+03 2.380967626751157695e+01 2.380976570033556072e+01 2.380964875307705597e+01
1.537920864037531828e+03 2.379998779252201757e+01 2.380007179894346336e+01 2.379996194754625094e+01
1.546560864038455293e+03 2.379088717287856980e+01 2.379096608214882735e+01 2.379086289606544824e+01
1.555200864039378757e+03 2.378233874002307857e+01 2.378241286141536648e+01 2.378231593622348328e+01
1.563840864040302222e+03 2.377430898962080619e+01 2.377437861364325045e+01 2.377428756945886335e+01
1.572480864041225686e+03 2.376676645023343326e+01 2.376683184976701568e+01 2.376674632975533541e+01
1.581120864042149151e+03 2.375968155997185249e+01 2.375974299134037437e+01 2.375966266031855412e+01
1.589760864043072615e+03 2.375302655064075452e+01 2.375308425461594197e+01 2.375300879773777751e+01
1.598400864043996080e+03 2.374677533889610004e+01 2.374682954164012472e+01 2.374675866316357542e+01
1.607040864044919545e+03 2.374090342401888165e+01 2.374095433797185706e+01 2.374088776009870116e+01
1.615680864045843009e+03 2.373538779189601655e+01 2.373543561660727619e+01 2.373537307839575305e+01
1.624320864046766474e+03 2.373020682481063659e+01 2.373025174772232049e+01 2.373019300406286902e+01
1.632960864047689938e+03 2.372534021671401661e+01 2.372538241389497671e+01 2.372532723455003634e+01
1.641600864048613403e+03 2.372076889364598173e+01 2.372080853048197469e+01 2.372075669918456242e+01
1.650240864049536867e+03 2.371647493896693959e+01 2.371651217080847118e+01 2.371646348441339569e+01
1.658880864050460332e+03 2.371244152314920939e+01 2.371247649592146445e+01 2.371243076360917712e+01
1.667520864051383796e+03 2.370865283780187838e+01 2.370868568857542868e+01 2.370864273110487375e+01
1.676160864052307261e+03 2.370509403372687984e+01 2.370512489125570710e+01 2.370508454026105483e+01
1.684800864053230725e+03 2.370175116270797844e+01 2.370178014793356169e+01 2.370174224526522266e+01
1.693440864054154190e+03 2.369861112284672799e+01 2.369863834937240199e+01 2.369860274647629694e+01
1.702080864055077654e+03 2.369566160721115011e+01 2.369568718174764399e+01 2.369565373908307038e+01
1.710720864056001119e+03 2.369289105560505959e+01 2.369291507838750022e+01 2.369288366488143538e+01
1.719360864056924584e+03 2.369028860925504887e+01 2.369031117443762469e+01 2.369028166696921289e+01
1.728000864057848048e+03 2.368784406825199085e+01 2.368786526427521721e+01 2.368783754719424905e+01
1.736640864058771513e+03 2.368554785157306242e+01 2.368556776151200438e+01 2.368554172618530629e+01
1.745280864059694977e+03 2.368339095953081141e+01 2.368340966141937542e+01 2.368338520580550721e+01
1.753920864060618442e+03 2.368136493849885937e+01 2.368138250563612246e+01 2.368135953388508597e+01
1.762560864061541906e+03 2.367946184778429597e+01 2.367947834902281556e+01 2.367945677109952385e+01
1.771200864062465371e+03 2.367767422850204184e+01 2.367768972851524723e+01 2.367766945984874383e+01
1.779840864063388835e+03 2.367599507432998962e+01 2.367600963386826152e+01 2.367599059501833381e+01
1.788480864064312300e+03 2.367441780407841634e+01 2.367443148020572607e+01 2.367441359655236965e+01
1.797120864065235764e+03 2.367293623585305795e+01 2.367294908217115790e+01 2.367293228362183299e+01
1.805760864066159229e+03 2.367154456287744324e+01 2.367155662973573271e+01 2.367154085045063994e+01
1.814400864067082694e+03 2.367023733067406965e+01 2.367024866536684158e+01 2.367023384350147808e+01
1.823040864068006158e+03 2.366900941575767092e+01 2.366902006270959191e+01 2.366900614017197313e+01
1.831680864068929623e+03 2.366785600547012791e+01 2.366786600641091809e+01 2.366785292863289669e+01
1.840320864069853087e+03 2.366677257920798638e+01 2.366678197333357048e+01 2.366676968906017464e+01
1.848960864070776552e+03 2.366575489063461646e+01 2.366576371476492113e+01 2.366575217584875190e+01
1.857600864071700016e+03 2.366479895105436526e+01 2.366480723977417711e+01 2.366479640099015569e+01
1.866240864072623481e+03 2.366390101381654176e+01 2.366390879961193150e+01 2.366389861847920884e+01
1.874880864073546945e+03 2.366305755958671853e+01 2.366306487297316608e+01 2.366305530958823056e+01
1.883520864074470410e+03 2.366226528255532457e+01 2.366227215219652180e+01 2.366226316907722094e+01
1.892160864075393874e+03 2.366152107751759104e+01 2.366152753033793488e+01 2.366151909227642136e+01
1.900800864076317339e+03 2.366082202767034914e+01 2.366082808896118195e+01 2.366082016288498835e+01
1.909440864077240803e+03 2.366016539318604828e+01 2.366017108670388325e+01 2.366016364154802432e+01
1.918080864078164268e+03 2.365954860047929742e+01 2.365955394853818916e+01 2.365954695512328954e+01
1.926720864079087733e+03 2.365896923212397951e+01 2.365897425568618928e+01 2.365896768660098815e+01
1.935360864080011197e+03 2.365842501737307657e+01 2.365842973612649303e+01 2.365842356562581017e+01
1.944000864080934662e+03 2.365791382325210179e+01 2.365791825569226603e+01 2.365791245959053413e+01
1.952640864081858126e+03 2.365743364620976763e+01 2.365743780970831267e+01 2.365743236528959414e+01
1.961280864082781591e+03 2.365698260426137267e+01 2.365698651513645245e+01 2.365698140106206893e+01
1.969920864083705055e+03 2.365655892961154905e+01 2.365656260319133253e+01 2.365655779941710080e+01
1.978560864084628520e+03 2.365616096173431515e+01 2.365616441241718348e+01 2.365615990011514214e+01
1.987200864085551984e+03 2.365578714086024092e+01 2.365579038217072139e+01 2.365578614365574595e+01
1.995840864086475449e+03 2.365543600183957551e+01 2.365543904648069429e+01 2.365543506514114824e+01
