1.996050237491188983e-01 0.000000000000000000e+00 0.000000000000000000e+00 2.380000000000001137e+01 2.380000000000001137e+01 2.380000000000001137e+01
3.992100474982425151e-01 0.000000000000000000e+00 0.000000000000000000e+00 2.380000000000001137e+01 2.380000000000001137e+01 2.380000000000001137e+01
5.988150712473678805e-01 0.000000000000000000e+00 0.000000000000000000e+00 2.380000000000001137e+01 2.380000000000001137e+01 2.380000000000001137e+01
7.984200949964932459e-01 0.000000000000000000e+00 0.000000000000000000e+00 2.380000000000001137e+01 2.380000000000001137e+01 2.380000000000001137e+01
9.980251187456186113e-01 0.000000000000000000e+00 0.000000000000000000e+00 2.380000000000001137e+01 2.380000000000001137e+01 2.380000000000001137e+01
1.197630142494743977e+00 0.000000000000000000e+00 0.000000000000000000e+00 2.380000000000001137e+01 2.380000000000001137e+01 2.380000000000001137e+01
1.397235166243869342e+00 0.000000000000000000e+00 0.000000000000000000e+00 2.380000000000001137e+01 2.380000000000001137e+01 2.380000000000001137e+01
1.596840189992994707e+00 0.000000000000000000e+00 0.000000000000000000e+00 2.380000000000001137e+01 2.380000000000001137e+01 2.380000000000001137e+01
1.796445213742120073e+00 0.000000000000000000e+00 0.000000000000000000e+00 2.380000000000001137e+01 2.380000000000001137e+01 2.380000000000001137e+01
1.996050237491245438e+00 0.000000000000000000e+00 0.000000000000000000e+00 2.380000000000001137e+01 2.380000000000001137e+01 2.380000000000001137e+01
2.195655261240370582e+00 -1.071199999999999930e+00 0.000000000000000000e+00 2.280075398429750066e+01 2.379999999717074388e+01 2.380000000000001137e+01
2.395260284989495947e+00 -1.071199999999999930e+00 0.000000000000000000e+00 2.270609253205651612e+01 2.379999032895022992e+01 2.380000000000001137e+01
2.594865308738621312e+00 -1.071199999999999930e+00 0.000000000000000000e+00 2.264970248325016655e+01 2.379983367994873333e+01 2.379999999998938165e+01
2.794470332487746678e+00 -1.071199999999999930e+00 0.000000000000000000e+00 2.260773807261296042e+01 2.379926625816574415e+01 2.379999999766170049e+01
2.994075356236872043e+00 -1.071199999999999930e+00 0.000000000000000000e+00 2.257325688068152658e+01 2.379814475562875487e+01 2.379999994074847791e+01
3.193680379985997408e+00 -1.071199999999999930e+00 0.000000000000000000e+00 2.254337015294692037e+01 2.379646552597324671e+01 2.379999947100617419e+01
3.393285403735122774e+00 -1.071199999999999930e+00 0.000000000000000000e+00 2.251658347480554312e+01 2.379428306731875864e+01 2.379999740313519396e+01
3.592890427484248139e+00 -1.071199999999999930e+00 0.000000000000000000e+00 2.249201130370772717e+01 2.379166021953329846e+01 2.379999123409908179e+01
3.792495451233373505e+00 -1.071199999999999930e+00 0.000000000000000000e+00 2.246908525370844245e+01 2.378865113776561202e+01 2.379997695927647783e+01
3.992100474982498870e+00 -1.071199999999999930e+00 0.000000000000000000e+00 2.244742293505356656e+01 2.378529897359959477e+01 2.379994919631911898e+01
4.191705498731623791e+00 -1.071199999999999930e+00 0.000000000000000000e+00 2.242675930606179691e+01 2.378163799165156433e+01 2.379990148237499170e+01
4.391310522480749157e+00 -1.071199999999999930e+00 0.000000000000000000e+00 2.240690666952968968e+01 2.377769618987855438e+01 2.379982662431945073e+01
4.590915546229874522e+00 -1.071199999999999930e+00 0.000000000000000000e+00 2.238772969046033268e+01 2.377349733450085978e+01 2.379971703277954020e+01
4.790520569978999887e+00 -1.071199999999999930e+00 0.000000000000000000e+00 2.236912911326345466e+01 2.376906231213388310e+01 2.379956500925442242e+01
4.990125593728125253e+00 -1.071199999999999930e+00 0.000000000000000000e+00 2.235103086456308574e+01 2.376440996007505646e+01 2.379936297699168790e+01
5.189730617477250618e+00 -1.071199999999999930e+00 1.000000000000000000e+00 2.234759722645878810e+01 2.375956576170710832e+01 2.379910365673703154e+01
5.389335641226375984e+00 -1.071199999999999930e+00 1.000000000000000000e+00 2.236379932710423191e+01 2.375523039292562544e+01 2.379878019319073701e+01
5.588940664975501349e+00 -1.071199999999999930e+00 1.000000000000000000e+00 2.237640003490338358e+01 2.375274974262868000e+01 2.379838624304522909e+01
5.788545688724626714e+00 -1.071199999999999930e+00 1.000000000000000000e+00 2.238465314131798323e+01 2.375189652531850015e+01 2.379791618464037128e+01
5.988150712473752080e+00 -1.071199999999999930e+00 1.000000000000000000e+00 2.238985226374143167e+01 2.375198589875344624e+01 2.379736628230511997e+01
6.187755736222877445e+00 -1.071199999999999930e+00 1.000000000000000000e+00 2.239302923134567891e+01 2.375253095414097970e+01 2.379673680306871120e+01
6.387360759972002811e+00 -1.071199999999999930e+00 1.000000000000000000e+00 2.239487764752254861e+01 2.375325711185786304e+01 2.379603289018331225e+01
6.586965783721128176e+00 -1.071199999999999930e+00 1.000000000000000000e+00 2.239585373541234503e+01 2.375402324986691838e+01 2.379526354371211028e+01
6.786570807470253541e+00 -1.071199999999999930e+00 1.000000000000000000e+00 2.239625881533720531e+01 2.375476142712886940e+01 2.379443992556758758e+01
6.986175831219378907e+00 -1.071199999999999930e+00 1.000000000000000000e+00 2.239629341256500084e+01 2.375544153438630701e+01 2.379357390581787968e+01
7.185780854968504272e+00 -1.071199999999999930e+00 1.000000000000000000e+00 2.239609169814684719e+01 2.375605232187314186e+01 2.379267707182316371e+01
7.385385878717629637e+00 -1.071199999999999930e+00 1.000000000000000000e+00 2.239574360543724652e+01 2.375659162923346912e+01 2.379176012776633797e+01
7.584990902466755003e+00 -1.071199999999999930e+00 1.000000000000000000e+00 2.239530927950232808e+01 2.375706147983601113e+01 2.379083256927589218e+01
7.784595926215880368e+00 -1.071199999999999930e+00 1.000000000000000000e+00 2.239482867531324928e+01 2.375746566959276151e+01 2.378990254336088128e+01
7.984200949965005734e+00 -1.071199999999999930e+00 1.000000000000000000e+00 2.239432801855502930e+01 2.375780861062816030e+01 2.378897683154838205e+01
8.183805973714131099e+00 -1.071199999999999930e+00 1.000000000000000000e+00 2.239382419627884246e+01 2.375809479590554929e+01 2.378806091277800761e+01
8.383410997463256464e+00 -1.071199999999999930e+00 1.000000000000000000e+00 2.239332775935270092e+01 2.375832856549016014e+01 2.378715907466960289e+01
8.583016021212381830e+00 -1.071199999999999930e+00 1.000000000000000000e+00 2.239284498276327895e+01 2.375851401571844690e+01 2.378627455028708937e+01
8.782621044961507195e+00 -1.071199999999999930e+00 1.000000000000000000e+00 2.239237928109611175e+01 2.375865497356898004e+01 2.378540966404727897e+01
8.982226068710632561e+00 -1.071199999999999930e+00 1.000000000000000000e+00 2.239193218025377519e+01 2.375875499898489807e+01 2.378456597561029184e+01
9.181831092459757926e+00 -1.071199999999999930e+00 1.000000000000000000e+00 2.239150398279872434e+01 2.375881739783949342e+01 2.378374441464734446e+01
9.381436116208883291e+00 -1.071199999999999930e+00 1.000000000000000000e+00 2.239109422147134865e+01 2.375884523789585501e+01 2.378294540245968847e+01
9.581041139958008657e+00 -1.071199999999999930e+00 1.000000000000000000e+00 2.239070196626158804e+01 2.375884136467152530e+01 2.378216895864522940e+01
9.780646163707134022e+00 -1.071199999999999930e+00 1.000000000000000000e+00 2.239032603037207991e+01 2.375880841617924943e+01 2.378141479252366253e+01
9.980251187456259387e+00 -1.071199999999999930e+00 1.000000000000000000e+00 2.238996510655096017e+01 2.375874883638329038e+01 2.378068238000133761e+01
1.017985621120538475e+01 -1.071199999999999930e+00 1.000000000000000000e+00 2.238961785565857099e+01 2.375866488751961469e+01 2.377997102711384514e+01
1.037946123495451012e+01 -1.071199999999999930e+00 1.000000000000000000e+00 2.238928296264390383e+01 2.375855866150089923e+01 2.377927992175477812e+01
1.057906625870363548e+01 -1.071199999999999930e+00 1.000000000000000000e+00 2.238895917044152384e+01 2.375843209060349182e+01 2.377860817517586156e+01
1.077867128245276085e+01 -1.071199999999999930e+00 1.000000000000000000e+00 2.238864529905873724e+01 2.375828695758156073e+01 2.377795485479543913e+01
1.097827630620188621e+01 -1.071199999999999930e+00 1.000000000000000000e+00 2.238834025485846269e+01 2.375812490530432797e+01 2.377731900973674328e+01
1.117788132995101158e+01 -1.071199999999999930e+00 1.000000000000000000e+00 2.238804303346950064e+01 2.375794744597135377e+01 2.377669969036588782e+01
1.137748635370013695e+01 -1.071199999999999930e+00 1.000000000000000000e+00 2.238775271866563799e+01 2.375775596993406680e+01 2.377609596293467575e+01
1.157709137744926231e+01 -1.071199999999999930e+00 1.000000000000000000e+00 2.238746847879656343e+01 2.375755175413075904e+01 2.377550692027318746e+01
1.177669640119838768e+01 -1.071199999999999930e+00 1.000000000000000000e+00 2.238718956183112141e+01 2.375733597013748977e+01 2.377493168932909384e+01
1.197630142494751304e+01 -1.071199999999999930e+00 1.000000000000000000e+00 2.238691528971367006e+01 2.375710969182750887e+01 2.377436943621256660e+01
1.217590644869663841e+01 -1.071199999999999930e+00 1.000000000000000000e+00 2.238664505248772230e+01 2.375687390263652787e+01 2.377381936929413087e+01
1.237551147244576377e+01 -1.071199999999999930e+00 1.000000000000000000e+00 2.238637830247438387e+01 2.375662950242792704e+01 2.377328074079753151e+01
1.257511649619488914e+01 -1.071199999999999930e+00 1.000000000000000000e+00 2.238611454867952943e+01 2.375637731396125218e+01 2.377275284724595394e+01
1.277472151994401450e+01 -1.071199999999999930e+00 1.000000000000000000e+00 2.238585335152703237e+01 2.375611808896309185e+01 2.377223502905201258e+01
1.297432654369313987e+01 -1.071199999999999930e+00 1.000000000000000000e+00 2.238559431796790022e+01 2.375585251380988439e+01 2.377172666947802782e+01
1.317393156744226523e+01 -1.071199999999999930e+00 1.000000000000000000e+00 2.238533709698140228e+01 2.375558121483101104e+01 2.377122719315013910e+01
1.337353659119139060e+01 -1.071199999999999930e+00 1.000000000000000000e+00 2.238508137546409671e+01 2.375530476324399842e+01 2.377073606426671404e+01
1.357314161494051596e+01 -1.071199999999999930e+00 1.000000000000000000e+00 2.238482687449220521e+01 2.375502367973729179e+01 2.377025278461400148e+01
1.377274663868964133e+01 -1.071199999999999930e+00 1.000000000000000000e+00 2.238457334593334735e+01 2.375473843871463941e+01 2.376977689147122419e+01
1.397235166243876670e+01 -1.071199999999999930e+00 1.000000000000000000e+00 2.238432056938341930e+01 2.375444947222024439e+01 2.376930795547190201e+01
1.417195668618789206e+01 -1.071199999999999930e+00 1.000000000000000000e+00 2.238406834940047929e+01 2.375415717356025880e+01 2.376884557846921098e+01
1.437156170993701743e+01 -1.071199999999999930e+00 1.000000000000000000e+00 2.238381651300949216e+01 2.375386190063954928e+01 2.376838939144136020e+01
1.457116673368614279e+01 -1.071199999999999930e+00 1.000000000000000000e+00 2.238356490745417204e+01 2.375356397903181005e+01 2.376793905246165650e+01
1.477077175743526816e+01 -1.071199999999999930e+00 1.000000000000000000e+00 2.238331339816903665e+01 2.375326370479956495e+01 2.376749424475195838e+01
1.497037678118439352e+01 -1.071199999999999930e+00 1.000000000000000000e+00 2.238306186695336919e+01 2.375296134708293039e+01 2.376705467483145640e+01
1.516998180493351889e+01 -1.071199999999999930e+00 1.000000000000000000e+00 2.238281021032497620e+01 2.375265715047191861e+01 2.376662007076544114e+01
1.536958682868264425e+01 -1.071199999999999930e+00 1.000000000000000000e+00 2.238255833803634687e+01 2.375235133717961844e+01 2.376619018051979992e+01
1.556919185243176962e+01 -1.071199999999999930e+00 1.000000000000000000e+00 2.238230617173695691e+01 2.375204410903052121e+01 2.376576477042084434e+01
1.576879687618089498e+01 -1.071199999999999930e+00 1.000000000000000000e+00 2.238205364376648276e+01 2.375173564927865755e+01 2.376534362371870657e+01
1.596840189993002035e+01 -1.071199999999999930e+00 1.000000000000000000e+00 2.238180069606721645e+01 2.375142612426884625e+01 2.376492653925214427e+01
1.616800692367914394e+01 -1.071199999999999930e+00 1.000000000000000000e+00 2.238154727920147025e+01 2.375111568495384518e+01 2.376451333020980883e+01
1.636761194742826930e+01 -1.071199999999999930e+00 1.000000000000000000e+00 2.238129335146612675e+01 2.375080446827917058e+01 2.376410382298530521e+01
1.656721697117739467e+01 -1.071199999999999930e+00 1.000000000000000000e+00 2.238103887809216985e+01 2.375049259844553262e+01 2.376369785611922225e+01
1.676682199492652003e+01 -1.071199999999999930e+00 1.000000000000000000e+00 2.238078383052322806e+01 2.375018018806167674e+01 2.376329527932381325e+01
1.696642701867564540e+01 -1.071199999999999930e+00 1.000000000000000000e+00 2.238052818576278469e+01 2.374986733919337212e+01 2.376289595258583631e+01
1.716603204242477076e+01 -1.071199999999999930e+00 1.000000000000000000e+00 2.238027192578596214e+01 2.374955414432031375e+01 2.376249974534027842e+01
1.736563706617389613e+01 -1.071199999999999930e+00 1.000000000000000000e+00 2.238001503700741068e+01 2.374924068720770265e+01 2.376210653571268949e+01
1.756524208992302150e+01 -1.071199999999999930e+00 1.000000000000000000e+00 2.237975750980154999e+01 2.374892704369926832e+01 2.376171620982245258e+01
1.776484711367214686e+01 -1.071199999999999930e+00 1.000000000000000000e+00 2.237949933806834224e+01 2.374861328244020342e+01 2.376132866114460285e+01
1.796445213742127223e+01 -1.071199999999999930e+00 1.000000000000000000e+00 2.237924051884192522e+01 2.374829946553415994e+01 2.376094378992411293e+01
1.816405716117039759e+01 -1.071199999999999930e+00 1.000000000000000000e+00 2.237898105193778520e+01 2.374798564914249255e+01 2.376056150263997324e+01
1.836366218491952296e+01 -1.071199999999999930e+00 1.000000000000000000e+00 2.237872093963221687e+01 2.374767188402762486e+01 2.376018171151321212e+01
1.856326720866864832e+01 -1.071199999999999930e+00 1.000000000000000000e+00 2.237846018637560519e+01 2.374735821604900821e+01 2.375980433405749181e+01
1.876287223241777369e+01 -1.071199999999999930e+00 1.000000000000000000e+00 2.237819879853191196e+01 2.374704468661360579e+01 2.375942929266687997e+01
1.896247725616689905e+01 -1.071199999999999930e+00 1.000000000000000000e+00 2.237793678414425358e+01 2.374673133308505157e+01 2.375905651423886411e+01
1.916208227991602442e+01 -1.071199999999999930e+00 1.000000000000000000e+00 2.237767415272412563e+01 2.374641818915671365e+01 2.375868592982936889e+01
1.936168730366514978e+01 -1.071199999999999930e+00 1.000000000000000000e+00 2.237741091506029534e+01 2.374610528519013997e+01 2.375831747433613828e+01
1.956129232741427515e+01 -1.071199999999999930e+00 1.000000000000000000e+00 2.237714708304775968e+01 2.374579264852303595e+01 2.375795108621036889e+01
1.976089735116340051e+01 -1.071199999999999930e+00 1.000000000000000000e+00 2.237688266953301763e+01 2.374548030374882046e+01 2.375758670719136489e+01
1.996050237491252588e+01 -1.071199999999999930e+00 1.000000000000000000e+00 2.237661768817559960e+01 2.374516827297185273e+01 2.375722428206455561e+01
2.016010739866165125e+01 -1.071199999999999930e+00 1.000000000000000000e+00 2.237635215332238658e+01 2.374485657603764821e+01 2.375686375843872611e+01
2.035971242241077661e+01 -1.071199999999999930e+00 1.000000000000000000e+00 2.237608607989631082e+01 2.374454523074359713e+01 2.375650508654405257e+01
2.055931744615990198e+01 -1.071199999999999930e+00 1.000000000000000000e+00 2.237581948329494708e+01 2.374423425302956048e+01 2.375614821904389373e+01
2.075892246990902734e+01 -1.071199999999999930e+00 1.000000000000000000e+00 2.237555237930075691e+01 2.374392365715158348e+01 2.375579311086613643e+01
2.095852749365815271e+01 -1.071199999999999930e+00 1.000000000000000000e+00 2.237528478400014365e+01 2.374361345583957927e+01 2.375543971904477303e+01
2.115813251740727807e+01 -1.071199999999999930e+00 1.000000000000000000e+00 2.237501671371069278e+01 2.374330366044000584e+01 2.375508800257722442e+01
2.135773754115640344e+01 -1.071199999999999930e+00 1.000000000000000000e+00 2.237474818491722317e+01 2.374299428104632170e+01 2.375473792229280434e+01
2.155734256490552880e+01 -1.071199999999999930e+00 1.000000000000000000e+00 2.237447921421363617e+01 2.374268532661693598e+01 2.375438944073067660e+01
2.175694758865465417e+01 -1.071199999999999930e+00 1.000000000000000000e+00 2.237420981825204080e+01 2.374237680508252879e+01 2.375404252202952193e+01
2.195655261240377953e+01 -1.071199999999999930e+00 1.000000000000000000e+00 2.237394001369693797e+01 2.374206872344365138e+01 2.375369713182544729e+01
2.215615763615290490e+01 -1.071199999999999930e+00 1.000000000000000000e+00 2.237366981718474790e+01 2.374176108785877659e+01 2.375335323715734148e+01
2.235576265990203026e+01 -1.071199999999999930e+00 1.000000000000000000e+00 2.237339924528839674e+01 2.374145390372501652e+01 2.375301080638138274e+01
2.255536768365115563e+01 -1.071199999999999930e+00 1.000000000000000000e+00 2.237312831448497263e+01 2.374114717575099576e+01 2.375266980909020731e+01
2.275497270740028100e+01 -1.071199999999999930e+00 1.000000000000000000e+00 2.237285704112935036e+01 2.374084090802261926e+01 2.375233021604066153e+01
2.295457773114940636e+01 -1.071199999999999930e+00 1.000000000000000000e+00 2.237258544142832761e+01 2.374053510406366740e+01 2.375199199908536229e+01
2.315418275489853173e+01 -1.071199999999999930e+00 1.000000000000000000e+00 2.237231353142067292e+01 2.374022976689036568e+01 2.375165513111079463e+01
2.335378777864765709e+01 -1.071199999999999930e+00 1.000000000000000000e+00 2.237204132695802627e+01 2.373992489906038372e+01 2.375131958597910398e+01
2.355339280239678246e+01 -1.071199999999999930e+00 1.000000000000000000e+00 2.237176884368932406e+01 2.373962050271808266e+01 2.375098533847534554e+01
2.375299782614590782e+01 -1.071199999999999930e+00 1.000000000000000000e+00 2.237149609704692921e+01 2.373931657963504449e+01 2.375065236425734838e+01
2.395260284989503319e+01 -1.071199999999999930e+00 1.000000000000000000e+00 2.237122310223520572e+01 2.373901313124758872e+01 2.375032063981080910e+01
2.415220787364415855e+01 -1.071199999999999930e+00 1.000000000000000000e+00 2.237094987422091208e+01 2.373871015868945733e+01 2.374999014240614770e+01
2.435181289739328392e+01 -1.071199999999999930e+00 1.000000000000000000e+00 2.237067642772495901e+01 2.373840766282285131e+01 2.374966085005979721e+01
2.455141792114240928e+01 -1.071199999999999930e+00 1.000000000000000000e+00 2.237040277721530401e+01 2.373810564426537439e+01 2.374933274149719864e+01
2.475102294489153465e+01 -1.071199999999999930e+00 1.000000000000000000e+00 2.237012893690280180e+01 2.373780410341601055e+01 2.374900579611920648e+01
2.495062796864066001e+01 -1.071199999999999930e+00 1.000000000000000000e+00 2.236985492073569048e+01 2.373750304047644022e+01 2.374867999396985851e+01
2.515023299238978538e+01 -1.071199999999999930e+00 1.000000000000000000e+00 2.236958074239782945e+01 2.373720245547286822e+01 2.374835531570755620e+01
2.534983801613891075e+01 -1.071199999999999930e+00 1.000000000000000000e+00 2.236930641530574349e+01 2.373690234827353152e+01 2.374803174257692717e+01
2.554944303988803611e+01 -1.071199999999999930e+00 1.000000000000000000e+00 2.236903195260765642e+01 2.373660271860615012e+01 2.374770925638330255e+01
2.574904806363716148e+01 -1.071199999999999930e+00 1.000000000000000000e+00 2.236875736718275220e+01 2.373630356607304748e+01 2.374738783946889953e+01
2.594865308738628684e+01 -1.071199999999999930e+00 1.000000000000000000e+00 2.236848267164202753e+01 2.373600489016473603e+01 2.374706747469002721e+01
2.614825811113541221e+01 -1.071199999999999930e+00 1.000000000000000000e+00 2.236820787832834867e+01 2.373570669027270696e+01 2.374674814539594081e+01
2.634786313488453757e+01 -1.071199999999999930e+00 1.000000000000000000e+00 2.236793299931713364e+01 2.373540896570017367e+01 2.374642983540877594e+01
2.654746815863366294e+01 -1.071199999999999930e+00 1.000000000000000000e+00 2.236765804642010380e+01 2.373511171567315614e+01 2.374611252900581349e+01
2.674707318238278830e+01 -1.071199999999999930e+00 1.000000000000000000e+00 2.236738303118551130e+01 2.373481493934889386e+01 2.374579621090060755e+01
2.694667820613191367e+01 -1.071199999999999930e+00 1.000000000000000000e+00 2.236710796490109487e+01 2.373451863582437227e+01 2.374548086622763776e+01
2.714628322988103903e+01 -1.071199999999999930e+00 1.000000000000000000e+00 2.236683285859737680e+01 2.373422280414416718e+01 2.374516648052582468e+01
2.734588825363016440e+01 -1.071199999999999930e+00 1.000000000000000000e+00 2.236655772305027767e+01 2.373392744330686810e+01 2.374485303972426209e+01
2.754549327737928976e+01 -1.071199999999999930e+00 1.000000000000000000e+00 2.236628256878458387e+01 2.373363255227133095e+01 2.374454053012817667e+01
2.774509830112841513e+01 -1.071199999999999930e+00 1.000000000000000000e+00 2.236600740607718762e+01 2.373333812996236247e+01 2.374422893840556981e+01
2.794470332487754050e+01 -1.071199999999999930e+00 1.000000000000000000e+00 2.236573224496095236e+01 2.373304417527526766e+01 2.374391825157488256e+01
2.814430834862666586e+01 -1.071199999999999930e+00 1.000000000000000000e+00 2.236545709522852121e+01 2.373275068708090885e+01 2.374360845699305855e+01
2.834391337237579123e+01 -1.071199999999999930e+00 1.000000000000000000e+00 2.236518196643612555e+01 2.373245766422917313e+01 2.374329954234417528e+01
2.854351839612491659e+01 -1.071199999999999930e+00 1.000000000000000000e+00 2.236490686790739346e+01 2.373216510555272407e+01 2.374299149562875755e+01
2.874312341987404196e+01 -1.071199999999999930e+00 1.000000000000000000e+00 2.236463180873761303e+01 2.373187300987041226e+01 2.374268430515337513e+01
2.894272844362316732e+01 -1.071199999999999930e+00 1.000000000000000000e+00 2.236435679779816610e+01 2.373158137599051543e+01 2.374237795952143415e+01
2.914233346737229269e+01 -1.071199999999999930e+00 1.000000000000000000e+00 2.236408184374005259e+01 2.373129020271238687e+01 2.374207244762305891e+01
2.934193849112141805e+01 -1.071199999999999930e+00 1.000000000000000000e+00 2.236380695499838112e+01 2.373099948882946819e+01 2.374176775862639488e+01
2.954154351487054342e+01 -1.071199999999999930e+00 1.000000000000000000e+00 2.236353213979651855e+01 2.373070923313150615e+01 2.374146388196993485e+01
2.974114853861966878e+01 -1.071199999999999930e+00 1.000000000000000000e+00 2.236325740615046698e+01 2.373041943440591695e+01 2.374116080735313972e+01
2.994075356236879415e+01 -1.071199999999999930e+00 1.000000000000000000e+00 2.236298276187284273e+01 2.373013009143954832e+01 2.374085852472938996e+01
3.014035858611791951e+01 -1.071199999999999930e+00 1.000000000000000000e+00 2.236270821457702596e+01 2.372984120302072597e+01 2.374055702429819803e+01
3.033996360986704488e+01 -1.071199999999999930e+00 1.000000000000000000e+00 2.236243377168142388e+01 2.372955276793965140e+01 2.374025629649798930e+01
3.053956863361617025e+01 -1.071199999999999930e+00 1.000000000000000000e+00 2.236215944041379089e+01 2.372926478498999359e+01 2.373995633199962185e+01
3.073917365736529561e+01 -1.071199999999999930e+00 1.000000000000000000e+00 2.236188522781480970e+01 2.372897725297031002e+01 2.373965712169888320e+01
3.093877868111442098e+01 -1.071199999999999930e+00 1.000000000000000000e+00 2.236161114074246825e+01 2.372869017068398989e+01 2.373935865671103329e+01
3.113838370486354634e+01 -1.071199999999999930e+00 1.000000000000000000e+00 2.236133718587632302e+01 2.372840353694095938e+01 2.373906092836398329e+01
3.133798872861267171e+01 -1.071199999999999930e+00 1.000000000000000000e+00 2.236106336972062536e+01 2.372811735055779536e+01 2.373876392819244074e+01
3.153759375236179707e+01 -1.071199999999999930e+00 1.000000000000000000e+00 2.236078969860903953e+01 2.372783161035863486e+01 2.373846764793267994e+01
3.173719877611092244e+01 -1.071199999999999930e+00 1.000000000000000000e+00 2.236051617870811015e+01 2.372754631517523194e+01 2.373817207951611863e+01
3.193680379986004780e+01 -1.071199999999999930e+00 1.000000000000000000e+00 2.236024281602112751e+01 2.372726146384803769e+01 2.373787721506482740e+01
3.213640882360856210e+01 -1.071199999999999930e+00 1.000000000000000000e+00 2.235996961639165193e+01 2.372697705522585920e+01 2.373758304688601584e+01
3.233601384735678863e+01 -1.071199999999999930e+00 1.000000000000000000e+00 2.235969658550772010e+01 2.372669308816676903e+01 2.373728956746685981e+01
3.253561887110501516e+01 -1.071199999999999930e+00 1.000000000000000000e+00 2.235942372890474417e+01 2.372640956153838943e+01 2.373699676947001080e+01
3.273522389485324169e+01 -1.071199999999999930e+00 1.000000000000000000e+00 2.235915105196937702e+01 2.372612647421709653e+01 2.373670464572842320e+01
3.293482891860146822e+01 -1.071199999999999930e+00 1.000000000000000000e+00 2.235887855994326401e+01 2.372584382508944145e+01 2.373641318924177313e+01
3.313443394234969475e+01 -1.071199999999999930e+00 1.000000000000000000e+00 2.235860625792588507e+01 2.372556161305175237e+01 2.373612239317083095e+01
3.333403896609792127e+01 -1.071199999999999930e+00 1.000000000000000000e+00 2.235833415087824960e+01 2.372527983700996401e+01 2.373583225083439174e+01
3.353364398984614780e+01 -1.071199999999999930e+00 1.000000000000000000e+00 2.235806224362619332e+01 2.372499849588007237e+01 2.373554275570415939e+01
3.373324901359437433e+01 -1.071199999999999930e+00 1.000000000000000000e+00 2.235779054086333417e+01 2.372471758858796420e+01 2.373525390140156333e+01
3.393285403734260086e+01 -1.071199999999999930e+00 1.000000000000000000e+00 2.235751904715459659e+01 2.372443711406964439e+01 2.373496568169332477e+01
3.413245906109082739e+01 -1.071199999999999930e+00 1.000000000000000000e+00 2.235724776693876947e+01 2.372415707127078122e+01 2.373467809048793242e+01
3.433206408483905392e+01 -1.071199999999999930e+00 1.000000000000000000e+00 2.235697670453208730e+01 2.372387745914733159e+01 2.373439112183211819e+01
3.453166910858728045e+01 -1.071199999999999930e+00 1.000000000000000000e+00 2.235670586413084493e+01 2.372359827666474530e+01 2.373410476990693496e+01
3.473127413233550698e+01 -1.071199999999999930e+00 1.000000000000000000e+00 2.235643524981423980e+01 2.372331952279859024e+01 2.373381902902457341e+01
3.493087915608373351e+01 -1.071199999999999930e+00 1.000000000000000000e+00 2.235616486554744142e+01 2.372304119653387033e+01 2.373353389362495136e+01
3.513048417983196003e+01 -1.071199999999999930e+00 1.000000000000000000e+00 2.235589471518426308e+01 2.372276329686553709e+01 2.373324935827281479e+01
3.533008920358018656e+01 -1.071199999999999930e+00 1.000000000000000000e+00 2.235562480246966288e+01 2.372248582279786433e+01 2.373296541765375878e+01
3.552969422732841309e+01 -1.071199999999999930e+00 1.000000000000000000e+00 2.235535513104275651e+01 2.372220877334450506e+01 2.373268206657189694e+01
3.572929925107663962e+01 -1.071199999999999930e+00 1.000000000000000000e+00 2.235508570443909093e+01 2.372193214752866197e+01 2.373239929994662134e+01
