4.998256318904489848e-01 0.000000000000000000e+00 2.380000000000001137e+01 2.380000000000001137e+01 2.380000000000001137e+01
9.996512637807721813e-01 0.000000000000000000e+00 2.380000000000001137e+01 2.380000000000001137e+01 2.380000000000001137e+01
1.499476895671095322e+00 0.000000000000000000e+00 2.380000000000001137e+01 2.380000000000001137e+01 2.380000000000001137e+01
1.999302527561418463e+00 0.000000000000000000e+00 2.380000000000001137e+01 2.380000000000001137e+01 2.380000000000001137e+01
2.499128159451741826e+00 1.071199999999999930e+00 2.510576145934027181e+01 2.380004086241325467e+01 2.380000000000001137e+01
2.998953791342064967e+00 1.071199999999999930e+00 2.520955823866160017e+01 2.380159642801442033e+01 2.380000005518922990e+01
3.498779423232388108e+00 1.071199999999999930e+00 2.528054378955391712e+01 2.380625594739120743e+01 2.380000470247199473e+01
3.998605055122711249e+00 1.071199999999999930e+00 2.533861483951091031e+01 2.381350938121408944e+01 2.380004888878477232e+01
4.498430687014101537e+00 1.071199999999999930e+00 2.538996654838132372e+01 2.382277747175038485e+01 2.380021713371905889e+01
4.998256318905494489e+00 1.071199999999999930e+00 2.543714807870190953e+01 2.383367183340305928e+01 2.380062414270747695e+01
5.498081950796887440e+00 1.071199999999999930e+00 2.548134805843022832e+01 2.384589307146512738e+01 2.380138748463201637e+01
5.997907582688280392e+00 1.071199999999999930e+00 2.552319409105587056e+01 2.385919113814827597e+01 2.380261038083875746e+01
6.497733214579673344e+00 1.071199999999999930e+00 2.556306490672830023e+01 2.387335571552722513e+01 2.380437447307423326e+01
6.997558846471066296e+00 1.071199999999999930e+00 2.560121869955202101e+01 2.388821240308510596e+01 2.380673879273376770e+01
7.497384478362459248e+00 1.071199999999999930e+00 2.563784860331907112e+01 2.390361870316036175e+01 2.380974180151241626e+01
7.997210110253852200e+00 1.071199999999999930e+00 2.567310830058596594e+01 2.391945941600482683e+01 2.381340459116239572e+01
8.497035742143117076e+00 1.071199999999999930e+00 2.570712492435387730e+01 2.393564201852933593e+01 2.381773424921647120e+01
8.996861374032370406e+00 1.071199999999999930e+00 2.574000627058103419e+01 2.395209245708610979e+01 2.382272694430440652e+01
9.496687005921623737e+00 1.071199999999999930e+00 2.577184527621869847e+01 2.396875153620521814e+01 2.382837057159935057e+01
9.996512637810877067e+00 1.071199999999999930e+00 2.580272305766806085e+01 2.398557192522082460e+01 2.383464693630281772e+01
1.049633826970013040e+01 0.000000000000000000e+00 2.452770614245537217e+01 2.400247639451043824e+01 2.384153351236881235e+01
1.099616390158938373e+01 0.000000000000000000e+00 2.445275558173108266e+01 2.401797288249485973e+01 2.384900478132448143e+01
1.149598953347863706e+01 0.000000000000000000e+00 2.441006171975976713e+01 2.403043466468244560e+01 2.385702895943268231e+01
1.199581516536789039e+01 0.000000000000000000e+00 2.437961719630652624e+01 2.404034753910713107e+01 2.386554301873746908e+01
1.249564079725714372e+01 0.000000000000000000e+00 2.435524067900297496e+01 2.404827597469022749e+01 2.387443396876182078e+01
1.299546642914639705e+01 0.000000000000000000e+00 2.433441393006665976e+01 2.405459599231437551e+01 2.388355857828787521e+01
1.349529206103565038e+01 0.000000000000000000e+00 2.431598243362378753e+01 2.405959660442454151e+01 2.389277108279821960e+01
1.399511769292490371e+01 0.000000000000000000e+00 2.429935210746026542e+01 2.406351926157805110e+01 2.390194071261447561e+01
1.449494332481415704e+01 0.000000000000000000e+00 2.428417598106329933e+01 2.406656716540817342e+01 2.391095914837228520e+01
1.499476895670341037e+01 0.000000000000000000e+00 2.427022556640724815e+01 2.406890878985592508e+01 2.391974169644623771e+01
1.549459458859266370e+01 0.000000000000000000e+00 2.425733539967370689e+01 2.407068165656454539e+01 2.392822533440369170e+01
