1.725337939749969863e-03 2.365000000000003411e+01 2.365000000000003411e+01 2.365000000000003411e+01
1.725510473543779000e+01 2.734085112359571212e+01 2.374213203576130127e+01 2.365192018657904782e+01
3.450848413293789463e+01 2.851440090626101664e+01 2.429632111818000340e+01 2.382296138603618374e+01
5.176186353046836075e+01 2.926562411337317826e+01 2.485017964895297382e+01 2.420341188842041902e+01
6.901524292797817850e+01 2.983368298223581405e+01 2.534698128234543901e+01 2.463520839844960619e+01
8.626862232543759035e+01 3.029970230645511720e+01 2.578721066261857686e+01 2.505112447855606206e+01
1.035220017228970022e+02 3.069737471029060316e+01 2.617571549064126657e+01 2.543032222475437720e+01
1.207753811203564140e+02 3.104276505199015901e+01 2.651800143309679925e+01 2.576885404735810425e+01
1.380287605178158401e+02 3.134503250408721442e+01 2.681935805073885604e+01 2.606853476000515002e+01
1.552821399152752520e+02 3.161041078117955294e+01 2.708460296678237000e+01 2.633290212815461473e+01
1.725355193127346638e+02 3.184371539396494200e+01 2.731803538611501381e+01 2.656578145140997549e+01
1.897888987101940756e+02 3.204893806670651202e+01 2.752346048237598097e+01 2.677080023514912455e+01
2.070422781076534875e+02 3.222950125503717800e+01 2.770423480744653943e+01 2.695124651248460168e+01
2.242956575051128993e+02 3.238838357754599429e+01 2.786331503851664593e+01 2.711004889052958333e+01
2.415490369025723112e+02 3.252819403731831471e+01 2.800330409914101892e+01 2.724979741575839398e+01
2.588024163000778799e+02 3.265122406933676302e+01 2.812649292825147995e+01 2.737277603398950987e+01
2.760557956978215088e+02 3.275948847375428841e+01 2.823489767046487486e+01 2.748099632789381985e+01
2.933091750955651378e+02 3.285475965058094516e+01 2.833029256238319249e+01 2.757622910371992475e+01
3.105625544933087667e+02 3.293859707043952767e+01 2.841423893058379235e+01 2.766003288369552138e+01
3.278159338910523957e+02 3.301237296801264165e+01 2.848811073094543644e+01 2.773377923454376059e+01
3.450693132887960246e+02 3.307729486373688133e+01 2.855311703081787300e+01 2.779867515004048073e+01
3.623226926865396536e+02 3.313442535024972813e+01 2.861032179594832314e+01 2.785578278179980316e+01
3.795760720842832825e+02 3.318469949234747673e+01 2.866066130379931565e+01 2.790603681475295161e+01
3.968294514820269114e+02 3.322894013437962712e+01 2.870495946744688354e+01 2.795025976199355000e+01
4.140828308797705404e+02 3.326787136897536357e+01 2.874394132057096840e+01 2.798917542575674133e+01
4.313362102775141693e+02 3.330213038877320741e+01 2.877824488413932613e+01 2.802342074354527313e+01
4.485895896752577983e+02 3.333227791558545050e+01 2.880843160896216659e+01 2.805355621280369860e+01
4.658429690730014272e+02 3.335880737786209238e+01 2.883499556502817995e+01 2.808007506459568958e+01
4.830963484707450561e+02 3.338215298671326536e+01 2.885837152800411332e+01 2.810341133635455435e+01
5.003497278684886851e+02 3.340269684271049755e+01 2.887894209526893974e+01 2.812394697582482195e+01
5.176031072662323140e+02 3.342077518977453110e+01 2.889704394792846642e+01 2.814201809244445940e+01
5.348564866639759430e+02 3.343668391852742161e+01 2.891297336132384999e+01 2.815792045849337910e+01
5.521098660617195719e+02 3.345068340916844818e+01 2.892699105420257411e+01 2.817191435003110200e+01
5.693632454594632009e+02 3.346300279315067883e+01 2.893932645593559982e+01 2.818422880686966892e+01
5.866166248572068298e+02 3.347384370341279691e+01 2.895018146162686890e+01 2.819506538130440276e+01
6.038700042549504587e+02 3.348338357451712000e+01 2.895973373653976068e+01 2.820460143693264854e+01
6.211233836526940877e+02 3.349177854675622257e+01 2.896813962398169906e+01 2.821299305159845972e+01
6.383767630504377166e+02 3.349916602171526847e+01 2.897553670418830052e+01 2.822037757193322705e+01
6.556301424481813456e+02 3.350566691114107698e+01 2.898204604611703417e+01 2.822687586132514070e+01
6.728835218459249745e+02 3.351138761592420678e+01 2.898777418900129987e+01 2.823259427810961597e+01
6.901369012436686035e+02 3.351642176757576408e+01 2.899281488609290136e+01 2.823762641634988313e+01
7.073902806414122324e+02 3.352085176069113004e+01 2.899725063911671441e+01 2.824205463768743130e+01
7.246436600391558613e+02 3.352475010154597612e+01 2.900115404862248170e+01 2.824595141939880705e+01
7.418970394368994903e+02 3.352818059477084489e+01 2.900458900219894076e+01 2.824938054059623482e+01
7.591504188346431192e+02 3.353119938770231556e+01 2.900761172018661682e+01 2.825239812616001700e+01
7.764037982323867482e+02 3.353385588929995720e+01 2.901027167578661192e+01 2.825505356528856282e+01
7.936571776301303771e+02 3.353619357886390162e+01 2.901261240483114534e+01 2.825739031989252226e+01
8.109105570278740061e+02 3.353825071766982546e+01 2.901467221834377597e+01 2.825944663594469830e+01
8.281639364256176350e+02 3.354006097516611362e+01 2.901648482954971087e+01 2.826125616942744045e+01
8.454173158233612639e+02 3.354165398006409760e+01 2.901807990568391915e+01 2.826284853720238743e+01
8.626706952211048929e+02 3.354305580527915254e+01 2.901948355356211096e+01 2.826424980175681867e+01
8.799240746188485218e+02 3.354428939466595239e+01 2.902071874687061381e+01 2.826548289776894762e+01
8.971774540165921508e+02 3.354537493854547847e+01 2.902180570218229150e+01 2.826656800748480691e+01
9.144308334143357797e+02 3.354633020415639066e+01 2.902276220983640087e+01 2.826752289103666271e+01
9.316842128120794086e+02 3.354717082644486936e+01 2.902360392510763631e+01 2.826836317711769198e+01
9.489375922098230376e+02 3.354791056398244109e+01 2.902434462445751251e+01 2.826910261879726249e+01
9.661909716075666665e+02 3.354856152414924964e+01 2.902499643100725280e+01 2.826975331861189034e+01
9.834443510053102955e+02 3.354913436129294269e+01 2.902557001295792816e+01 2.827032592664932054e+01
1.000697730403053924e+03 3.354963845111291221e+01 2.902607475819905858e+01 2.827082981485813207e+01
1.017951109800797553e+03 3.355008204411205952e+01 2.902651892796092170e+01 2.827127323044220475e+01
1.035204489197802786e+03 2.977321722832687101e+01 2.890995710118073703e+01 2.826810327492307806e+01
1.052457868594409547e+03 2.863770119417415572e+01 2.834919496022303065e+01 2.808171713080679410e+01
1.069711247991016307e+03 2.790058590152892748e+01 2.779853072818190185e+01 2.769553043379198698e+01
1.086964627387623068e+03 2.733985447836869298e+01 2.730519564780246355e+01 2.726376107704032847e+01
1.104218006784229829e+03 2.687846369133990265e+01 2.686818445795410071e+01 2.684979363735726565e+01
1.121471386180836589e+03 2.648419798614469300e+01 2.648257116538604805e+01 2.647301858339113778e+01
1.138724765577443350e+03 2.614156103149059618e+01 2.614285154331696504e+01 2.613687849375213545e+01
1.155978144974050110e+03 2.584162682789866494e+01 2.584376125574004845e+01 2.583939780206384285e+01
1.173231524370656871e+03 2.557826886908605957e+01 2.558051361791126510e+01 2.557700140261033539e+01
1.190484903767263631e+03 2.534673003591444740e+01 2.534883985635229919e+01 2.534586934183613494e+01
1.207738283163870392e+03 2.514305679703932128e+01 2.514496275298563432e+01 2.514239283707348704e+01
1.224991662560477153e+03 2.496385546610389383e+01 2.496555078809154793e+01 2.496330547455971782e+01
1.242245041957083913e+03 2.480617096522820475e+01 2.480766947084572394e+01 2.480569955923937187e+01
1.259498421353690674e+03 2.466741435524926374e+01 2.466873545953694702e+01 2.466700413948495907e+01
1.276751800750297434e+03 2.454531161810433559e+01 2.454647506834203341e+01 2.454495232680193340e+01
1.294005180146904195e+03 2.443786319259294260e+01 2.443888734299497401e+01 2.443754764198973817e+01
1.311258559543510955e+03 2.434331005661181280e+01 2.434421141709134417e+01 2.434303260388088574e+01
1.328511938940117716e+03 2.426010450012427100e+01 2.426089773072095568e+01 2.425986042871079462e+01
1.345765318336724476e+03 2.418688463328919624e+01 2.418758268291713875e+01 2.418666988406869223e+01
1.363018697733331237e+03 2.412245203741611022e+01 2.412306631867056694e+01 2.412226307193958519e+01
1.380272077129937998e+03 2.406575212871211988e+01 2.406629269103660818e+01 2.406558584549054558e+01
1.397525456526544758e+03 2.401585688985437628e+01 2.401633257902204832e+01 2.401571056412842609e+01
1.414778835923151519e+03 2.397194967810605704e+01 2.397236827916646007e+01 2.397182091377749202e+01
1.432032215319758279e+03 2.393331185815389972e+01 2.393368022217822499e+01 2.393319854729202234e+01
1.449285594716365040e+03 2.389931103972281790e+01 2.389963519568897254e+01 2.389921132759741340e+01
1.466538974112971800e+03 2.386939072701676423e+01 2.386967598039660743e+01 2.386930298156903518e+01
1.483792353509578561e+03 2.384306121043084659e+01 2.384331222999168176e+01 2.384298399549828673e+01
1.501045732906185322e+03 2.381989155139029890e+01 2.382011244559760144e+01 2.381982360317897474e+01
1.518299112302792082e+03 2.379950252911845610e+01 2.379969691337430504e+01 2.379944273550808020e+01
1.535552491699398843e+03 2.378156043387656382e+01 2.378173148969250406e+01 2.378150781621644683e+01
1.552805871096005603e+03 2.376577160509464193e+01 2.376592213216264327e+01 2.376572530218453494e+01
1.570059250492612364e+03 2.375187762499058408e+01 2.375201008700628336e+01 2.375183687898459084e+01
1.587312629889219124e+03 2.373965108901614940e+01 2.373976765400277600e+01 2.373961523301920806e+01
1.604566009285825885e+03 2.372889188388842285e+01 2.372899445967954080e+01 2.372886033104083481e+01
1.621819388682432646e+03 2.371942391232335012e+01 2.371951417779007443e+01 2.371939614619566328e+01
1.639072768079039406e+03 2.371109221081690066e+01 2.371117164334611971e+01 2.371106777695734991e+01
1.656326147475646167e+03 2.370376041334441197e+01 2.370383031301798837e+01 2.370373891184101467e+01
1.673579526872252927e+03 2.369730851943921834e+01 2.369737003031434597e+01 2.369728959837340199e+01
1.690832906268859688e+03 2.369163093012809895e+01 2.369168505896118404e+01 2.369161427981708812e+01
1.708086285665466448e+03 2.368663471957370348e+01 2.368668235229802121e+01 2.368662006749963211e+01
1.725339665062073209e+03 2.368223811416942226e+01 2.368228003039615714e+01 2.368222522051985379e+01
1.742593044458679969e+03 2.367836915410060783e+01 2.367840603987804116e+01 2.367835780784366762e+01
1.759846423855286730e+03 2.367496451561612503e+01 2.367499697465854069e+01 2.367495453104584158e+01
1.777099803251893491e+03 2.367196847454488307e+01 2.367199703811235167e+01 2.367195968824279362e+01
1.794353182648500251e+03 2.366933199431207413e+01 2.366935712990971297e+01 2.366932426247166177e+01
1.811606562045107012e+03 2.366701192331004222e+01 2.366703404233504671e+01 2.366700511938267937e+01
1.828859941441713772e+03 2.366497028862613661e+01 2.366498975310247488e+01 2.366496430125198458e+01
1.846113320838320533e+03 2.366317367457156706e+01 2.366319080307806644e+01 2.366316840575410652e+01
1.863366700234927293e+03 2.366159267573942770e+01 2.366160774861998561e+01 2.366158803924281528e+01
1.880620079631534054e+03 2.366020141571789281e+01 2.366021467967271974e+01 2.366019733565690331e+01
1.897873459028140815e+03 2.365897712357593718e+01 2.365898879569692781e+01 2.365897353317103580e+01
1.915126838424747575e+03 2.365789976115939908e+01 2.365791003248551760e+01 2.365789660164585939e+01
1.932380217821354336e+03 2.365695169513838891e+01 2.365696073378205710e+01 2.365694891480444539e+01
1.949633597217961096e+03 2.365611740840188304e+01 2.365612536230037222e+01 2.365611496174125250e+01
1.966886976614567857e+03 2.365538324607473442e+01 2.365539024541010349e+01 2.365538109304259251e+01
1.984140356011174617e+03 2.365473719202600478e+01 2.365474335135741057e+01 2.365473529738352454e+01
