1.476768292682926770e-03 2.980000000000000000e+02
1.478245060975593050e+00 2.980000000016123067e+02
2.955013353658576314e+00 2.980000098391795973e+02
4.431781646341637959e+00 2.980002281552867771e+02
5.908549939024699604e+00 2.980012746246727033e+02
7.385318231707761250e+00 2.980039326236588977e+02
8.862086524390822007e+00 2.980088624735316216e+02
1.033885481707388365e+01 2.980165093180808640e+02
1.181562310975694530e+01 2.980271157598665468e+02
1.329239140244000694e+01 2.980407664739032043e+02
1.476915969512306859e+01 2.980574338847990248e+02
1.624592798780613023e+01 2.980770155889165949e+02
1.772269628048919188e+01 2.980993624262159187e+02
1.919946457317225352e+01 2.981242985909239565e+02
2.067623286585531517e+01 2.981516356022855803e+02
2.215300115853837681e+01 2.981811817554681738e+02
2.362976945122143846e+01 2.982127483324612740e+02
2.510653774390450010e+01 2.982461535317488028e+02
2.658330603658756175e+01 2.982812248147820924e+02
2.806007432927062339e+01 2.983178001686682705e+02
2.953684262195368504e+01 2.983557286381977747e+02
3.101361091463674668e+01 2.983948703746687556e+02
3.249037920731980478e+01 2.984350963735860773e+02
3.396714750000286642e+01 2.984762880199799611e+02
3.544391579268592807e+01 2.985183365225781813e+02
3.692068408536898971e+01 2.985611422918135531e+02
3.839745237805205136e+01 2.986046142983534537e+02
3.987422067073511300e+01 2.986486694361404943e+02
4.135098896341817465e+01 2.986932319051749687e+02
4.282775725610123629e+01 2.987382326232574314e+02
4.430452554878429794e+01 2.987836086718191382e+02
4.578129384146735958e+01 2.988293027782187892e+02
4.725806213415042123e+01 2.988752628350605960e+02
4.873483042683348287e+01 2.989214414559085071e+02
5.021159871951654452e+01 2.989677955660338284e+02
5.168836701219960617e+01 2.990142860263957232e+02
5.316513530488266781e+01 2.990608772888273847e+02
5.464190359756572946e+01 2.991075370803019950e+02
5.611867189024879110e+01 2.991542361141500805e+02
5.759544018293185275e+01 2.992009478261564368e+02
5.907220847561491439e+01 2.992476481335500580e+02
6.054897676829797604e+01 2.992943152150128867e+02
6.202574506098103768e+01 2.993409293099526280e+02
6.350251335366409933e+01 2.993874725354057773e+02
6.497928164634244297e+01 2.994339287190633172e+02
6.645604993901839919e+01 2.994802832470235217e+02
6.793281823169435540e+01 2.995265229249937420e+02
6.940958652437031162e+01 2.995726358517665062e+02
7.088635481704626784e+01 2.996186113038934309e+02
7.236312310972222406e+01 2.996644396305719056e+02
7.383989140239818028e+01 2.997101121578474476e+02
7.531665969507413649e+01 2.997556211013072698e+02
7.679342798775009271e+01 2.998009594865154099e+02
7.827019628042604893e+01 2.998461210765058240e+02
7.974696457310200515e+01 2.998911003057080507e+02
8.122373286577796136e+01 2.999358922197351944e+02
8.270050115845391758e+01 2.999804924205170664e+02
8.417726945112987380e+01 3.000248970163015088e+02
8.565403774380583002e+01 3.000691025760958723e+02
8.713080603648178624e+01 3.001131060881518806e+02
8.860757432915774245e+01 3.001569049221379260e+02
9.008434262183369867e+01 3.002004967946696752e+02
9.156111091450965489e+01 3.002438797379024322e+02
9.303787920718561111e+01 3.002870520709132620e+02
9.451464749986156733e+01 3.003300123736251521e+02
9.599141579253752354e+01 3.003727594630482258e+02
9.746818408521347976e+01 3.004152923716318355e+02
9.894495237788943598e+01 3.004576103275406354e+02
1.004217206705653922e+02 3.004997127366845575e+02
1.018984889632413484e+02 3.005415991663449518e+02
1.033752572559173046e+02 3.005832693302580765e+02
1.048520255485932609e+02 3.006247230750245762e+02
1.063287938412692171e+02 3.006659603677284167e+02
1.078055621339451733e+02 3.007069812846569334e+02
1.092823304266211295e+02 3.007477860010251902e+02
1.107590987192970857e+02 3.007883747816154596e+02
1.122358670119730419e+02 3.008287479722499143e+02
1.137126353046489982e+02 3.008689059920234854e+02
1.151894035973249544e+02 3.009088493262286761e+02
1.166661718900009106e+02 3.009485785199111660e+02
1.181429401826768668e+02 3.009880941720011265e+02
1.196197084753528230e+02 3.010273969299667556e+02
1.210964767680287792e+02 3.010664874849471175e+02
1.225732450607047355e+02 3.011053665673186401e+02
1.240500133533806917e+02 3.011440349426583794e+02
1.255267816460566479e+02 3.011824934080682397e+02
1.270035499387326041e+02 3.012207427888292273e+02
1.284803182314131789e+02 3.012587839353542449e+02
1.299570865241033459e+02 3.012966177204154974e+02
1.314338548167935130e+02 3.013342450366202456e+02
1.329106231094836801e+02 3.013716667941130822e+02
1.343873914021738472e+02 3.014088839184861968e+02
1.358641596948640142e+02 3.014458973488772244e+02
1.373409279875541813e+02 3.014827080362382503e+02
1.388176962802443484e+02 3.015193169417628951e+02
1.402944645729345154e+02 3.015557250354539747e+02
1.417712328656246825e+02 3.015919332948226952e+02
1.432480011583148496e+02 3.016279427037054575e+02
1.447247694510050167e+02 3.016637542511879815e+02
1.462015377436951837e+02 3.016993689306289070e+02
1.476783060363853508e+02 3.017347877387716153e+02
1.491550743290755179e+02 3.017700116749386439e+02
1.506318426217656850e+02 3.018050417402996572e+02
1.521086109144558520e+02 3.018398789372079136e+02
1.535853792071460191e+02 3.018745242685972698e+02
1.550621474998361862e+02 3.019089787374363141e+02
1.565389157925263532e+02 3.019432433462337713e+02
1.580156840852165203e+02 3.019773190965894969e+02
1.594924523779066874e+02 3.020112069887888424e+02
1.609692206705968545e+02 3.020449080214359014e+02
1.624459889632870215e+02 3.020784231911208622e+02
1.639227572559771886e+02 3.021117534921211245e+02
1.653995255486673557e+02 3.021448999161298730e+02
1.668762938413575228e+02 3.021778634520121614e+02
1.683530621340476898e+02 3.022106450855861794e+02
1.698298304267378569e+02 3.022432457994243578e+02
1.713065987194280240e+02 3.022756665726772667e+02
1.727833670121181910e+02 3.023079083809132044e+02
1.742601353048083581e+02 3.023399721959763156e+02
1.757369035974985252e+02 3.023718589858594896e+02
1.772136718901886923e+02 3.024035697145906170e+02
1.786904401828788593e+02 3.024351053421313509e+02
1.801672084755690264e+02 3.024664668242885455e+02
1.816439767682591935e+02 3.024976551126342201e+02
1.831207450609493605e+02 3.025286711544367222e+02
1.845975133536395276e+02 3.025595158926002455e+02
1.860742816463296947e+02 3.025901902656100901e+02
1.875510499390198618e+02 3.026206952074892342e+02
1.890278182317100288e+02 3.026510316477555875e+02
1.905045865244001959e+02 3.026812005113920918e+02
1.919813548170903630e+02 3.027112027188161392e+02
1.934581231097805301e+02 3.027410391858570051e+02
1.949348914024706971e+02 3.027707108237372609e+02
1.964116596951608642e+02 3.028002185390577097e+02
1.978884279878510313e+02 3.028295632337861321e+02
1.993651962805411983e+02 3.028587458052494981e+02
2.008419645732313654e+02 3.028877671461294199e+02
2.023187328659215325e+02 3.029166281444596507e+02
2.037955011586116996e+02 3.029453296836268237e+02
2.052722694513018666e+02 3.029738726423723278e+02
2.067490377439920337e+02 3.030022578947983334e+02
2.082258060366822008e+02 3.030304863103728508e+02
2.097025743293723679e+02 3.030585587539384278e+02
2.111793426220625349e+02 3.030864760857222677e+02
2.126561109147527020e+02 3.031142391613464611e+02
2.141328792074428691e+02 3.031418488318410027e+02
2.156096475001330361e+02 3.031693059436560134e+02
2.170864157928232032e+02 3.031966113386779398e+02
2.185631840855133703e+02 3.032237658542424015e+02
2.200399523782035374e+02 3.032507703231524374e+02
2.215167206708937044e+02 3.032776255736930580e+02
2.229934889635838715e+02 3.033043324296510264e+02
2.244702572562740386e+02 3.033308917103307749e+02
2.259470255489642057e+02 3.033573042305743002e+02
2.274237938416543727e+02 3.033835708007795802e+02
2.289005621343445398e+02 3.034096922269195034e+02
2.303773304270347069e+02 3.034356693105626732e+02
2.318540987197248739e+02 3.034615028488915414e+02
2.333308670124150410e+02 3.034871936347252017e+02
2.348076353051052081e+02 3.035127424565375804e+02
2.362844035977953752e+02 3.035381500984797754e+02
2.377611718904855422e+02 3.035634173404002922e+02
2.392379401831757093e+02 3.035885449578652242e+02
2.407147084758658764e+02 3.036135337221815007e+02
2.421914767685560435e+02 3.036383844004159869e+02
2.436682450612462105e+02 3.036630977554187893e+02
2.451450133539363776e+02 3.036876745458433220e+02
2.466217816466265447e+02 3.037121155261681906e+02
2.480985499393167117e+02 3.037364214467191914e+02
2.495753182320068788e+02 3.037605930536895471e+02
2.510520865246970459e+02 3.037846310891635540e+02
2.525288548173872130e+02 3.038085362911357947e+02
2.540056231100773800e+02 3.038323093935341603e+02
2.554823914027675471e+02 3.038559511262411661e+02
2.569591596954392685e+02 3.038794622151139038e+02
2.584359279881010139e+02 3.039028433820080863e+02
2.599126962807627592e+02 3.039260953447974316e+02
2.613894645734245046e+02 3.039492188173956038e+02
2.628662328660862499e+02 3.039722145097778707e+02
2.643430011587479953e+02 3.039950831280015109e+02
2.658197694514097407e+02 3.040178253742272432e+02
2.672965377440714860e+02 3.040404419467413959e+02
2.687733060367332314e+02 3.040629335399746651e+02
2.702500743293949768e+02 3.040853008445251930e+02
2.717268426220567221e+02 3.041075445471784633e+02
2.732036109147184675e+02 3.041296653309269118e+02
2.746803792073802128e+02 3.041516638749932895e+02
2.761571475000419582e+02 3.041735408548483406e+02
2.776339157927037036e+02 3.041952969422332558e+02
2.791106840853654489e+02 3.042169328051798516e+02
2.805874523780271943e+02 3.042384491080297266e+02
2.820642206706889397e+02 3.042598465114552937e+02
2.835409889633506850e+02 3.042811256724806981e+02
2.850177572560124304e+02 3.043022872444996096e+02
2.864945255486741758e+02 3.043233318772973348e+02
2.879712938413359211e+02 3.043442602170701434e+02
2.894480621339976665e+02 3.043650729064431744e+02
2.909248304266594118e+02 3.043857705844929455e+02
2.924015987193211572e+02 3.044063538867644638e+02
2.938783670119829026e+02 3.044268234452917454e+02
2.953551353046446479e+02 3.044471798886168017e+02
2.968319035973063933e+02 3.044674238418102163e+02
2.983086718899681387e+02 3.044875559264872891e+02
2.997854401826298840e+02 3.045075767608304318e+02
3.012622084752916294e+02 3.045274869596058807e+02
3.027389767679533747e+02 3.045472871341831365e+02
3.042157450606151201e+02 3.045669778925536093e+02
3.056925133532768655e+02 3.045865598393502296e+02
3.071692816459386108e+02 3.046060335758638189e+02
3.086460499386003562e+02 3.046253997000637241e+02
3.101228182312621016e+02 3.046446588066158938e+02
3.115995865239238469e+02 3.046638114868981688e+02
3.130763548165855923e+02 3.046828583290222241e+02
3.145531231092473377e+02 3.047017999178501668e+02
3.160298914019090830e+02 3.047206368350116463e+02
3.175066596945708284e+02 3.047393696589227829e+02
3.189834279872325737e+02 3.047579989648038463e+02
3.204601962798943191e+02 3.047765253246962516e+02
3.219369645725560645e+02 3.047949493074801808e+02
3.234137328652178098e+02 3.048132714788929434e+02
3.248905011578795552e+02 3.048314924015454608e+02
3.263672694505413006e+02 3.048496126349395468e+02
3.278440377432030459e+02 3.048676327354850741e+02
3.293208060358647913e+02 3.048855532565186763e+02
3.307975743285265366e+02 3.049033747483179582e+02
3.322743426211882820e+02 3.049210977581196289e+02
3.337511109138500274e+02 3.049387228301374648e+02
3.352278792065117727e+02 3.049562505055770885e+02
3.367046474991735181e+02 3.049736813226535332e+02
3.381814157918352635e+02 3.049910158166078986e+02
3.396581840844970088e+02 3.050082545197244031e+02
3.411349523771587542e+02 3.050253979613443107e+02
3.426117206698204996e+02 3.050424466678846329e+02
3.440884889624822449e+02 3.050594011628537032e+02
3.455652572551439903e+02 3.050762619668668094e+02
3.470420255478057356e+02 3.050930295976616549e+02
3.485187938404674810e+02 3.051097045701156389e+02
3.499955621331292264e+02 3.051262873962610342e+02
3.514723304257909717e+02 3.051427785853003343e+02
3.529490987184527171e+02 3.051591786436221696e+02
3.544258670111144625e+02 3.051754880748168830e+02
3.559026353037762078e+02 3.051917073796926729e+02
3.573794035964379532e+02 3.052078370562888949e+02
3.588561718890996985e+02 3.052238775998933988e+02
3.603329401817614439e+02 3.052398295030574786e+02
3.618097084744231893e+02 3.052556932556104243e+02
3.632864767670849346e+02 3.052714693446740739e+02
3.647632450597466800e+02 3.052871582546790137e+02
3.662400133524084254e+02 3.053027604673791302e+02
3.677167816450701707e+02 3.053182764618659348e+02
3.691935499377319161e+02 3.053337067145827746e+02
3.706703182303936615e+02 3.053490516993408050e+02
3.721470865230554068e+02 3.053643118873329740e+02
3.736238548157171522e+02 3.053794877471486302e+02
3.751006231083788975e+02 3.053945797447868813e+02
3.765773914010406429e+02 3.054095883436718850e+02
3.780541596937023883e+02 3.054245140046677989e+02
3.795309279863641336e+02 3.054393571860916836e+02
3.810076962790258790e+02 3.054541183437271457e+02
3.824844645716876244e+02 3.054687979308393437e+02
3.839612328643493697e+02 3.054833963981894271e+02
3.854380011570111151e+02 3.054979141940473255e+02
3.869147694496728604e+02 3.055123517642051070e+02
3.883915377423346058e+02 3.055267095519920986e+02
3.898683060349963512e+02 3.055409879982875623e+02
3.913450743276580965e+02 3.055551875415350764e+02
3.928218426203198419e+02 3.055693086177543591e+02
3.942986109129815873e+02 3.055833516605562181e+02
3.957753792056433326e+02 3.055973171011549994e+02
3.972521474983050780e+02 3.056112053683827412e+02
3.987289157909668234e+02 3.056250168887017367e+02
4.002056840836285687e+02 3.056387520862163569e+02
4.016824523762903141e+02 3.056524113826888538e+02
4.031592206689520594e+02 3.056659951975499894e+02
4.046359889616138048e+02 3.056795039479137586e+02
4.061127572542755502e+02 3.056929380485880756e+02
4.075895255469372955e+02 3.057062979120887576e+02
4.090662938395990409e+02 3.057195839486522573e+02
4.105430621322607863e+02 3.057327965662485099e+02
4.120198304249225316e+02 3.057459361705923016e+02
4.134965987175842770e+02 3.057590031651563436e+02
4.149733670102460223e+02 3.057719979511840620e+02
4.164501353029077677e+02 3.057849209277017621e+02
4.179269035955695131e+02 3.057977724915309068e+02
4.194036718882312584e+02 3.058105530372993712e+02
4.208804401808930038e+02 3.058232629574548014e+02
4.223572084735547492e+02 3.058359026422758120e+02
4.238339767662164945e+02 3.058484724798850607e+02
4.253107450588782399e+02 3.058609728562599344e+02
4.267875133515399853e+02 3.058734041552449412e+02
4.282642816442017306e+02 3.058857667585630793e+02
4.297410499368634760e+02 3.058980610458282854e+02
4.312178182295252213e+02 3.059102873945570309e+02
4.326945865221869667e+02 3.059224461801797474e+02
4.341713548148487121e+02 3.059345377760513998e+02
4.356481231075104574e+02 3.059465625534642186e+02
4.371248914001722028e+02 3.059585208816585578e+02
4.386016596928339482e+02 3.059704131278346608e+02
4.400784279854956935e+02 3.059822396571639729e+02
4.415551962781574389e+02 3.059940008327988608e+02
4.430319645708191842e+02 3.060056970158852323e+02
4.445087328634809296e+02 3.060173285655735071e+02
4.459855011561426750e+02 3.060288958390295875e+02
4.474622694488044203e+02 3.060403991914459425e+02
4.489390377414661657e+02 3.060518389760512719e+02
4.504158060341279111e+02 3.060632155441228974e+02
4.518925743267896564e+02 3.060745292449969952e+02
4.533693426194514018e+02 3.060857804260790545e+02
4.548461109121131472e+02 3.060969694328555875e+02
4.563228792047748925e+02 3.061080966089032813e+02
4.577996474974366379e+02 3.061191622958998551e+02
4.592764157900983832e+02 3.061301668336354851e+02
4.607531840827601286e+02 3.061411105600223550e+02
4.622299523754218740e+02 3.061519938111055126e+02
4.637067206680836193e+02 3.061628169210735564e+02
4.651834889607453647e+02 3.061735802222673328e+02
4.666602572534071101e+02 3.061842840451917027e+02
4.681370255460688554e+02 3.061949287185246362e+02
4.696137938387306008e+02 3.062055145691285816e+02
4.710905621313923461e+02 3.062160419220592189e+02
4.725673304240540915e+02 3.062265111005773974e+02
4.740440987167158369e+02 3.062369224261552176e+02
4.755208670093775822e+02 3.062472762184894464e+02
4.769976353020393276e+02 3.062575727955102707e+02
4.784744035947010730e+02 3.062678124733910181e+02
4.799511718873628183e+02 3.062779955665579337e+02
4.814279401800245637e+02 3.062881223876996160e+02
4.829047084726863091e+02 3.062981932477763962e+02
4.843814767653480544e+02 3.063082084560302860e+02
4.858582450580097998e+02 3.063181683199946406e+02
4.873350133506715451e+02 3.063280731455035379e+02
4.888117816433332905e+02 3.063379232367009308e+02
4.902885499359950359e+02 3.063477188960504236e+02
4.917653182286567812e+02 3.063574604243431736e+02
4.932420865213185266e+02 3.063671481207086345e+02
4.947188548139802720e+02 3.063767822826235374e+02
4.961956231066420173e+02 3.063863632059205884e+02
4.976723913993037627e+02 3.063958911847976765e+02
4.991491596919655080e+02 3.064053665118273670e+02
5.006259279846272534e+02 3.064147894779648027e+02
5.021026962772889988e+02 3.064241603725575942e+02
5.035794645699507441e+02 3.064334794833542333e+02
5.050562328626124895e+02 3.064427470965130738e+02
5.065330011552742349e+02 3.064519634966116541e+02
5.080097694479359802e+02 3.064611289666545417e+02
5.094865377405977256e+02 3.064702437880829962e+02
5.109633060332594710e+02 3.064793082407821316e+02
5.124400743259380988e+02 3.064883226030907508e+02
5.139168426186566876e+02 3.064972871518094735e+02
5.153936109113752764e+02 3.065062021622095472e+02
5.168703792040938652e+02 3.065150679080409759e+02
5.183471474968124539e+02 3.065238846615412740e+02
5.198239157895310427e+02 3.065326526934433105e+02
5.213006840822496315e+02 3.065413722729835513e+02
5.227774523749682203e+02 3.065500436679105860e+02
5.242542206676868091e+02 3.065586671444941089e+02
5.257309889604053978e+02 3.065672429675317971e+02
5.272077572531239866e+02 3.065757714003586898e+02
5.286845255458425754e+02 3.065842527048542934e+02
5.301612938385611642e+02 3.065926871414509947e+02
5.316380621312797530e+02 3.066010749691418482e+02
5.331148304239983418e+02 3.066094164454884776e+02
5.345915987167169305e+02 3.066177118266298862e+02
5.360683670094355193e+02 3.066259613672891646e+02
5.375451353021541081e+02 3.066341653207817899e+02
5.390219035948726969e+02 3.066423239390239814e+02
5.404986718875912857e+02 3.066504374725396929e+02
5.419754401803098744e+02 3.066585061704680015e+02
5.434522084730284632e+02 3.066665302805710667e+02
5.449289767657470520e+02 3.066745100492426559e+02
5.464057450584656408e+02 3.066824457215142843e+02
5.478825133511842296e+02 3.066903375410641388e+02
5.493592816439028184e+02 3.066981857502231037e+02
5.508360499366214071e+02 3.067059905899836849e+02
5.523128182293399959e+02 3.067137523000064334e+02
5.537895865220585847e+02 3.067214711186269369e+02
5.552663548147771735e+02 3.067291472828641758e+02
5.567431231074957623e+02 3.067367810284274015e+02
5.582198914002143511e+02 3.067443725897228433e+02
5.596966596929329398e+02 3.067519221998622925e+02
5.611734279856515286e+02 3.067594300906687295e+02
5.626501962783701174e+02 3.067668964926843387e+02
5.641269645710887062e+02 3.067743216351780688e+02
5.656037328638072950e+02 3.067817057461501236e+02
5.670805011565258837e+02 3.067890490523416815e+02
5.685572694492444725e+02 3.067963517792408084e+02
5.700340377419630613e+02 3.068036141510898460e+02
5.715108060346816501e+02 3.068108363908919500e+02
5.729875743274002389e+02 3.068180187204173421e+02
5.744643426201188277e+02 3.068251613602117800e+02
5.759411109128374164e+02 3.068322645296019004e+02
5.774178792055560052e+02 3.068393284467016997e+02
5.788946474982745940e+02 3.068463533284202072e+02
5.803714157909931828e+02 3.068533393904680224e+02
5.818481840837117716e+02 3.068602868473635681e+02
5.833249523764303603e+02 3.068671959124397972e+02
5.848017206691489491e+02 3.068740667978509009e+02
5.862784889618675379e+02 3.068808997145786748e+02
5.877552572545861267e+02 3.068876948724389990e+02
5.892320255473047155e+02 3.068944524800886597e+02
5.907087938400233043e+02 3.069011727450310332e+02
5.921855621327418930e+02 3.069078558736223954e+02
5.936623304254604818e+02 3.069145020710793119e+02
5.951390987181790706e+02 3.069211115414840378e+02
5.966158670108976594e+02 3.069276844877912822e+02
5.980926353036162482e+02 3.069342211118340060e+02
5.995694035963348369e+02 3.069407216143301298e+02
6.010461718890534257e+02 3.069471861948879337e+02
6.025229401817720145e+02 3.069536150520135607e+02
6.039997084744906033e+02 3.069600083831152801e+02
6.054764767672091921e+02 3.069663663845106498e+02
6.069532450599277809e+02 3.069726892514325982e+02
6.084300133526463696e+02 3.069789771780348246e+02
6.099067816453649584e+02 3.069852303573988479e+02
6.113835499380835472e+02 3.069914489815382126e+02
6.128603182308021360e+02 3.069976332414060494e+02
6.143370865235207248e+02 3.070037833269004750e+02
6.158138548162393135e+02 3.070098994268699357e+02
6.172906231089579023e+02 3.070159817291194599e+02
6.187673914016764911e+02 3.070220304204162858e+02
6.202441596943950799e+02 3.070280456864946927e+02
6.217209279871136687e+02 3.070340277120636188e+02
6.231976962798322575e+02 3.070399766808108666e+02
6.246744645725508462e+02 3.070458927754090723e+02
6.261512328652694350e+02 3.070517761775219583e+02
6.276280011579880238e+02 3.070576270678085962e+02
6.291047694507066126e+02 3.070634456259301714e+02
6.305815377434252014e+02 3.070692320305555540e+02
6.320583060361437902e+02 3.070749864593656753e+02
6.335350743288623789e+02 3.070807090890594964e+02
6.350118426215809677e+02 3.070864000953596360e+02
6.364886109142995565e+02 3.070920596530177136e+02
6.379653792070181453e+02 3.070976879358194083e+02
6.394421474997367341e+02 3.071032851165908255e+02
6.409189157924553228e+02 3.071088513672022486e+02
6.423956840851739116e+02 3.071143868585747896e+02
6.438724523778925004e+02 3.071198917606843679e+02
6.453492206706110892e+02 3.071253662425684183e+02
6.468259889633296780e+02 3.071308104723296992e+02
6.483027572560482668e+02 3.071362246171427159e+02
6.497795255487668555e+02 3.071416088432569040e+02
6.512562938414854443e+02 3.071469633160041894e+02
6.527330621342040331e+02 3.071522881998020580e+02
6.542098304269226219e+02 3.071575836581598082e+02
6.556865987196412107e+02 3.071628498536833263e+02
6.571633670123597994e+02 3.071680869480796332e+02
6.586401353050783882e+02 3.071732951021623421e+02
6.601169035977969770e+02 3.071784744758562056e+02
6.615936718905155658e+02 3.071836252282024589e+02
6.630704401832341546e+02 3.071887475173636517e+02
6.645472084759527434e+02 3.071938415006275704e+02
6.660239767686713321e+02 3.071989073344140593e+02
6.675007450613899209e+02 3.072039451742774645e+02
6.689775133541085097e+02 3.072089551749125462e+02
6.704542816468270985e+02 3.072139374901598785e+02
6.719310499395456873e+02 3.072188922730095442e+02
6.734078182322642760e+02 3.072238196756059097e+02
6.748845865249828648e+02 3.072287198492535367e+02
6.763613548177014536e+02 3.072335929444197404e+02
6.778381231104200424e+02 3.072384391107410693e+02
6.793148914031386312e+02 3.072432584970271137e+02
6.807916596958572200e+02 3.072480512512647692e+02
6.822684279885758087e+02 3.072528175206235801e+02
6.837451962812943975e+02 3.072575574514600021e+02
6.852219645740129863e+02 3.072622711893212681e+02
6.866987328667315751e+02 3.072669588789501063e+02
6.881755011594501639e+02 3.072716206642896282e+02
6.896522694521687527e+02 3.072762566884877629e+02
6.911290377448873414e+02 3.072808670939011222e+02
6.926058060376059302e+02 3.072854520220996619e+02
6.940825743303245190e+02 3.072900116138710587e+02
6.955593426230431078e+02 3.072945460092253143e+02
6.970361109157616966e+02 3.072990553473983937e+02
6.985128792084802853e+02 3.073035397668566020e+02
6.999896475011988741e+02 3.073079994053017572e+02
7.014664157939174629e+02 3.073124343996740322e+02
7.029431840866360517e+02 3.073168448861580373e+02
7.044199523793546405e+02 3.073212310001846390e+02
7.058967206720732293e+02 3.073255928764363603e+02
7.073734889647918180e+02 3.073299306488515867e+02
7.088502572575104068e+02 3.073342444506287165e+02
7.103270255502289956e+02 3.073385344142301392e+02
7.118037938429475844e+02 3.073428006713863283e+02
7.132805621356661732e+02 3.073470433530995365e+02
7.147573304283847619e+02 3.073512625896482859e+02
7.162340987211033507e+02 3.073554585105910633e+02
7.177108670138219395e+02 3.073596312447704690e+02
7.191876353065405283e+02 3.073637809203173106e+02
7.206644035992591171e+02 3.073679076646540693e+02
7.221411718919777059e+02 3.073720116044992778e+02
7.236179401846962946e+02 3.073760928658712146e+02
7.250947084774148834e+02 3.073801515740916557e+02
7.265714767701334722e+02 3.073841878537900811e+02
7.280482450628520610e+02 3.073882018289064604e+02
7.295250133555706498e+02 3.073921936226968796e+02
7.310017816482892385e+02 3.073961633577356451e+02
7.324785499410078273e+02 3.074001111559199444e+02
7.339553182337264161e+02 3.074040371384735977e+02
7.354320865264450049e+02 3.074079414259499572e+02
7.369088548191635937e+02 3.074118241382369092e+02
7.383856231118821825e+02 3.074156853945594889e+02
7.398623914046007712e+02 3.074195253134837458e+02
7.413391596973193600e+02 3.074233440129206656e+02
7.428159279900379488e+02 3.074271416101297518e+02
7.442926962827565376e+02 3.074309182217223224e+02
7.457694645754751264e+02 3.074346739636655457e+02
7.472462328681937151e+02 3.074384089512857372e+02
7.487230011609123039e+02 3.074421232992719979e+02
7.501997694536308927e+02 3.074458171216791698e+02
7.516765377463494815e+02 3.074494905319319855e+02
7.531533060390680703e+02 3.074531436428285360e+02
7.546300743317866591e+02 3.074567765665436809e+02
7.561068426245052478e+02 3.074603894146320613e+02
7.575836109172238366e+02 3.074639822980321924e+02
7.590603792099424254e+02 3.074675553270697606e+02
7.605371475026610142e+02 3.074711086114600107e+02
7.620139157953796030e+02 3.074746422603125211e+02
7.634906840880981918e+02 3.074781563821337613e+02
7.649674523808167805e+02 3.074816510848305597e+02
7.664442206735353693e+02 3.074851264757135141e+02
7.679209889662539581e+02 3.074885826615001747e+02
7.693977572589725469e+02 3.074920197483181710e+02
7.708745255516911357e+02 3.074954378417092471e+02
7.723512938444097244e+02 3.074988370466313654e+02
7.738280621371283132e+02 3.075022174674631970e+02
7.753048304298469020e+02 3.075055792080057131e+02
7.767815987225654908e+02 3.075089223714865057e+02
7.782583670152840796e+02 3.075122470605629132e+02
7.797351353080026684e+02 3.075155533773252046e+02
7.812119036007212571e+02 3.075188414232989658e+02
7.826886718934398459e+02 3.075221112994489090e+02
7.841654401861584347e+02 3.075253631061821693e+02
7.856422084788770235e+02 3.075285969433505784e+02
7.871189767715956123e+02 3.075318129102545299e+02
7.885957450643142010e+02 3.075350111056454239e+02
7.900725133570327898e+02 3.075381916277293612e+02
7.915492816497513786e+02 3.075413545741694179e+02
7.930260499424699674e+02 3.075445000420888277e+02
7.945028182351885562e+02 3.075476281280743365e+02
7.959795865279071450e+02 3.075507389281792143e+02
7.974563548206257337e+02 3.075538325379251319e+02
7.989331231133443225e+02 3.075569090523071054e+02
8.004098914060629113e+02 3.075599685657941791e+02
8.018866596987815001e+02 3.075630111723344271e+02
8.033634279915000889e+02 3.075660369653556359e+02
8.048401962842186776e+02 3.075690460377694535e+02
8.063169645769372664e+02 3.075720384819745732e+02
8.077937328696558552e+02 3.075750143898588931e+02
8.092705011623744440e+02 3.075779738528022449e+02
8.107472694550930328e+02 3.075809169616801455e+02
8.122240377478116216e+02 3.075838438068652181e+02
8.137008060405302103e+02 3.075867544782308300e+02
8.151775743332487991e+02 3.075896490651547879e+02
8.166543426259673879e+02 3.075925276565195645e+02
8.181311109186859767e+02 3.075953903407167331e+02
8.196078792114045655e+02 3.075982372056498662e+02
8.210846475041231542e+02 3.076010683387368658e+02
8.225614157968417430e+02 3.076038838269123517e+02
8.240381840895603318e+02 3.076066837566301047e+02
8.255149523822789206e+02 3.076094682138665917e+02
8.269917206749975094e+02 3.076122372841232959e+02
8.284684889677160982e+02 3.076149910524295592e+02
8.299452572604346869e+02 3.076177296033435482e+02
8.314220255531532757e+02 3.076204530209571999e+02
8.328987938458718645e+02 3.076231613888979268e+02
8.343755621385904533e+02 3.076258547903303224e+02
8.358523304313090421e+02 3.076285333079595716e+02
8.373290987240276309e+02 3.076311970240337814e+02
8.388058670167462196e+02 3.076338460203469936e+02
8.402826353094648084e+02 3.076364803782410036e+02
8.417594036021833972e+02 3.076391001786074639e+02
8.432361718949019860e+02 3.076417055018922611e+02
8.447129401876205748e+02 3.076442964280961405e+02
8.461897084803391635e+02 3.076468730367770945e+02
8.476664767730577523e+02 3.076494354070545683e+02
8.491432450657763411e+02 3.076519836176105969e+02
8.506200133584949299e+02 3.076545177466917380e+02
8.520967816512135187e+02 3.076570378721123120e+02
8.535735499439321075e+02 3.076595440712576988e+02
8.550503182366506962e+02 3.076620364210841103e+02
8.565270865293692850e+02 3.076645149981233658e+02
8.580038548220878738e+02 3.076669798784848808e+02
8.594806231148064626e+02 3.076694311378559519e+02
8.609573914075250514e+02 3.076718688515068152e+02
8.624341597002436401e+02 3.076742930942918406e+02
8.639109279929622289e+02 3.076767039406510662e+02
8.653876962856808177e+02 3.076791014646131543e+02
8.668644645783994065e+02 3.076814857397989158e+02
8.683412328711179953e+02 3.076838568394206277e+02
8.698180011638365841e+02 3.076862148362869789e+02
8.712947694565551728e+02 3.076885598028048889e+02
8.727715377492737616e+02 3.076908918109787123e+02
8.742483060419923504e+02 3.076932109324183102e+02
8.757250743347109392e+02 3.076955172383348440e+02
8.772018426274295280e+02 3.076978107995475966e+02
8.786786109201481167e+02 3.077000916864844271e+02
8.801553792128667055e+02 3.077023599691831350e+02
8.816321475055852943e+02 3.077046157172954963e+02
8.831089157983038831e+02 3.077068590000878885e+02
8.845856840910224719e+02 3.077090898864435644e+02
8.860624523837410607e+02 3.077113084448660629e+02
8.875392206764596494e+02 3.077135147434795499e+02
8.890159889691782382e+02 3.077157088500322288e+02
8.904927572618968270e+02 3.077178908318978756e+02
8.919695255546154158e+02 3.077200607560771459e+02
8.934462938473340046e+02 3.077222186892019522e+02
8.949230621400525933e+02 3.077243646975342699e+02
8.963998304327711821e+02 3.077264988469714808e+02
8.978765987254897709e+02 3.077286212030460888e+02
8.993533670182083597e+02 3.077307318309277662e+02
9.008301353109269485e+02 3.077328307954282423e+02
9.023069036036455373e+02 3.077349181609979496e+02
9.037836718963641260e+02 3.077369939917344936e+02
9.052604401890827148e+02 3.077390583513779916e+02
9.067372084818013036e+02 3.077411113033196557e+02
9.082139767745198924e+02 3.077431529105975869e+02
9.096907450672384812e+02 3.077451832359033119e+02
9.111675133599570700e+02 3.077472023415811577e+02
9.126442816526756587e+02 3.077492102896310371e+02
9.141210499453942475e+02 3.077512071417103243e+02
9.155978182381128363e+02 3.077531929591351059e+02
9.170745865308314251e+02 3.077551678028839319e+02
9.185513548235500139e+02 3.077571317335969638e+02
9.200281231162686026e+02 3.077590848115801805e+02
9.215048914089871914e+02 3.077610270968057193e+02
9.229816597017057802e+02 3.077629586489152302e+02
9.244584279944243690e+02 3.077648795272195343e+02
9.259351962871429578e+02 3.077667897907031715e+02
9.274119645798615466e+02 3.077686894980226384e+02
9.288887328725801353e+02 3.077705787075128683e+02
9.303655011652987241e+02 3.077724574771841617e+02
9.318422694580173129e+02 3.077743258647279276e+02
9.333190377507359017e+02 3.077761839275156603e+02
9.347958060434544905e+02 3.077780317226022362e+02
9.362725743361730792e+02 3.077798693067274485e+02
9.377493426288916680e+02 3.077816967363170875e+02
9.392261109216102568e+02 3.077835140674852141e+02
9.407028792143288456e+02 3.077853213560365475e+02
9.421796475070474344e+02 3.077871186574658964e+02
9.436564157997660232e+02 3.077889060269636161e+02
9.451331840924846119e+02 3.077906835194124255e+02
9.466099523852032007e+02 3.077924511893946260e+02
9.480867206779217895e+02 3.077942090911877813e+02
9.495634889706403783e+02 3.077959572787726188e+02
9.510402572633589671e+02 3.077976958058291643e+02
9.525170255560775558e+02 3.077994247257423126e+02
9.539937938487961446e+02 3.078011440916007473e+02
9.554705621415147334e+02 3.078028539562012611e+02
9.569473304342333222e+02 3.078045543720471073e+02
9.584240987269519110e+02 3.078062453913536274e+02
9.599008670196704998e+02 3.078079270660448969e+02
9.613776353123890885e+02 3.078095994477605473e+02
9.628544036051076773e+02 3.078112625878532640e+02
9.643311718978262661e+02 3.078129165373926526e+02
9.658079401905448549e+02 3.078145613471663182e+02
9.672847084832634437e+02 3.078161970676797523e+02
9.687614767759820324e+02 3.078178237491615619e+02
9.702382450687006212e+02 3.078194414415606843e+02
9.717150133614192100e+02 3.078210501945516739e+02
9.731917816541377988e+02 3.078226500575335649e+02
9.746685499468563876e+02 3.078242410796328272e+02
9.761453182395749764e+02 3.078258233097049015e+02
9.776220865322935651e+02 3.078273967963336304e+02
9.790988548250121539e+02 3.078289615878371137e+02
9.805756231177307427e+02 3.078305177322629902e+02
9.820523914104493315e+02 3.078320652773970210e+02
9.835291597031679203e+02 3.078336042707576894e+02
9.850059279958865091e+02 3.078351347596025107e+02
9.864826962886050978e+02 3.078366567909291120e+02
9.879594645813236866e+02 3.078381704114715376e+02
9.894362328740422754e+02 3.078396756677104804e+02
9.909130011667608642e+02 3.078411726058654381e+02
9.923897694594794530e+02 3.078426612719028412e+02
9.938665377521980417e+02 3.078441417115354284e+02
9.953433060449166305e+02 3.078456139702213363e+02
9.968200743376352193e+02 3.078470780931697277e+02
9.982968426303538081e+02 3.078485341253381193e+02
9.997736109230723969e+02 3.078499821114364181e+02
